(kicad_pcb (version 20171130) (host pcbnew 5.1.5+dfsg1-2build2)

  (general
    (thickness 1.6)
    (drawings 10)
    (tracks 62)
    (zones 0)
    (modules 52)
    (nets 54)
  )

  (page A4)
  (layers
    (0 F.Cu signal)
    (31 B.Cu signal)
    (32 B.Adhes user)
    (33 F.Adhes user)
    (34 B.Paste user)
    (35 F.Paste user)
    (36 B.SilkS user)
    (37 F.SilkS user)
    (38 B.Mask user)
    (39 F.Mask user)
    (40 Dwgs.User user)
    (41 Cmts.User user)
    (42 Eco1.User user)
    (43 Eco2.User user)
    (44 Edge.Cuts user)
    (45 Margin user)
    (46 B.CrtYd user)
    (47 F.CrtYd user)
    (48 B.Fab user)
    (49 F.Fab user)
  )

  (setup
    (last_trace_width 1)
    (user_trace_width 0.2)
    (user_trace_width 0.5)
    (user_trace_width 1)
    (trace_clearance 0.2)
    (zone_clearance 0.508)
    (zone_45_only no)
    (trace_min 0.2)
    (via_size 0.8)
    (via_drill 0.4)
    (via_min_size 0.4)
    (via_min_drill 0.3)
    (user_via 0.6 0.3)
    (user_via 1 0.5)
    (uvia_size 0.3)
    (uvia_drill 0.1)
    (uvias_allowed no)
    (uvia_min_size 0.2)
    (uvia_min_drill 0.1)
    (edge_width 0.05)
    (segment_width 0.2)
    (pcb_text_width 0.3)
    (pcb_text_size 1.5 1.5)
    (mod_edge_width 0.12)
    (mod_text_size 1 1)
    (mod_text_width 0.15)
    (pad_size 1.524 1.524)
    (pad_drill 0.762)
    (pad_to_mask_clearance 0.051)
    (solder_mask_min_width 0.25)
    (aux_axis_origin 0 0)
    (grid_origin 73 74)
    (visible_elements FFFFFF7F)
    (pcbplotparams
      (layerselection 0x010fc_ffffffff)
      (usegerberextensions false)
      (usegerberattributes false)
      (usegerberadvancedattributes false)
      (creategerberjobfile false)
      (excludeedgelayer true)
      (linewidth 0.100000)
      (plotframeref false)
      (viasonmask false)
      (mode 1)
      (useauxorigin false)
      (hpglpennumber 1)
      (hpglpenspeed 20)
      (hpglpendiameter 15.000000)
      (psnegative false)
      (psa4output false)
      (plotreference true)
      (plotvalue true)
      (plotinvisibletext false)
      (padsonsilk false)
      (subtractmaskfromsilk false)
      (outputformat 1)
      (mirror false)
      (drillshape 0)
      (scaleselection 1)
      (outputdirectory "../plots/"))
  )

  (net 0 "")
  (net 1 GND)
  (net 2 +5V)
  (net 3 "Net-(R1-Pad2)")
  (net 4 "Net-(R2-Pad2)")
  (net 5 "Net-(R3-Pad2)")
  (net 6 "Net-(R4-Pad2)")
  (net 7 /OutDigit2)
  (net 8 /OutDigit1)
  (net 9 /SEG8)
  (net 10 /SourceBDigit2)
  (net 11 /SEG7)
  (net 12 /SourceBDigit1)
  (net 13 /SEG6)
  (net 14 /SourceADigit2)
  (net 15 /SEG5)
  (net 16 /SourceADigit1)
  (net 17 /SEG4)
  (net 18 /SEG3)
  (net 19 /SEG2)
  (net 20 /SEG1)
  (net 21 "Net-(C6-Pad1)")
  (net 22 /Tm1636Dio)
  (net 23 /Tm1636Clk)
  (net 24 /SourceAOut)
  (net 25 /SourceBOut)
  (net 26 /R1)
  (net 27 /R2)
  (net 28 /R3)
  (net 29 /ResultAdc)
  (net 30 /R4)
  (net 31 /R5)
  (net 32 /V+)
  (net 33 /V-)
  (net 34 /AtProg)
  (net 35 /UartRx)
  (net 36 /UartTx)
  (net 37 /SourceAPwm)
  (net 38 /SourceBPwm)
  (net 39 /Tm1637Clk)
  (net 40 /Tm1637Dio)
  (net 41 "Net-(C7-Pad1)")
  (net 42 "Net-(J4-PadB5)")
  (net 43 "Net-(J4-PadA5)")
  (net 44 "Net-(U1-Pad20)")
  (net 45 "Net-(U1-Pad19)")
  (net 46 "Net-(U5-Pad1)")
  (net 47 "Net-(U5-Pad5)")
  (net 48 "Net-(U5-Pad8)")
  (net 49 "Net-(U7-Pad5)")
  (net 50 "Net-(U7-Pad6)")
  (net 51 "Net-(U7-Pad7)")
  (net 52 "Net-(U7-Pad10)")
  (net 53 "Net-(J4-PadS1)")

  (net_class Default "This is the default net class."
    (clearance 0.2)
    (trace_width 0.25)
    (via_dia 0.8)
    (via_drill 0.4)
    (uvia_dia 0.3)
    (uvia_drill 0.1)
    (add_net +5V)
    (add_net /AtProg)
    (add_net /OutDigit1)
    (add_net /OutDigit2)
    (add_net /R1)
    (add_net /R2)
    (add_net /R3)
    (add_net /R4)
    (add_net /R5)
    (add_net /ResultAdc)
    (add_net /SEG1)
    (add_net /SEG2)
    (add_net /SEG3)
    (add_net /SEG4)
    (add_net /SEG5)
    (add_net /SEG6)
    (add_net /SEG7)
    (add_net /SEG8)
    (add_net /SourceADigit1)
    (add_net /SourceADigit2)
    (add_net /SourceAOut)
    (add_net /SourceAPwm)
    (add_net /SourceBDigit1)
    (add_net /SourceBDigit2)
    (add_net /SourceBOut)
    (add_net /SourceBPwm)
    (add_net /Tm1636Clk)
    (add_net /Tm1636Dio)
    (add_net /Tm1637Clk)
    (add_net /Tm1637Dio)
    (add_net /UartRx)
    (add_net /UartTx)
    (add_net /V+)
    (add_net /V-)
    (add_net GND)
    (add_net "Net-(C6-Pad1)")
    (add_net "Net-(C7-Pad1)")
    (add_net "Net-(J4-PadA5)")
    (add_net "Net-(J4-PadB5)")
    (add_net "Net-(J4-PadS1)")
    (add_net "Net-(R1-Pad2)")
    (add_net "Net-(R2-Pad2)")
    (add_net "Net-(R3-Pad2)")
    (add_net "Net-(R4-Pad2)")
    (add_net "Net-(U1-Pad19)")
    (add_net "Net-(U1-Pad20)")
    (add_net "Net-(U5-Pad1)")
    (add_net "Net-(U5-Pad5)")
    (add_net "Net-(U5-Pad8)")
    (add_net "Net-(U7-Pad10)")
    (add_net "Net-(U7-Pad5)")
    (add_net "Net-(U7-Pad6)")
    (add_net "Net-(U7-Pad7)")
  )

  (module amper:K2-1157SP-I4SW-01 (layer F.Cu) (tedit 622154E3) (tstamp 6222C051)
    (at 34.5 29)
    (path /61E680ED)
    (fp_text reference SW4 (at 6 -1 90) (layer F.SilkS) hide
      (effects (font (size 1 1) (thickness 0.15)))
    )
    (fp_text value SW_Push (at 0 -4) (layer F.Fab)
      (effects (font (size 1 1) (thickness 0.15)))
    )
    (fp_line (start 4.85 2.85) (end -4.85 2.85) (layer F.CrtYd) (width 0.12))
    (fp_line (start 4.85 -2.85) (end 4.85 2.85) (layer F.CrtYd) (width 0.12))
    (fp_line (start -4.85 -2.85) (end 4.85 -2.85) (layer F.CrtYd) (width 0.12))
    (fp_line (start -4.85 2.85) (end -4.85 -2.85) (layer F.CrtYd) (width 0.12))
    (pad 2 smd rect (at 4 2.25) (size 1.5 1) (layers F.Cu F.Paste F.Mask)
      (net 6 "Net-(R4-Pad2)"))
    (pad 1 smd rect (at 4 -2.25) (size 1.5 1) (layers F.Cu F.Paste F.Mask)
      (net 1 GND))
    (pad 1 smd rect (at -4 -2.25) (size 1.5 1) (layers F.Cu F.Paste F.Mask)
      (net 1 GND))
    (pad 2 smd rect (at -4 2.25) (size 1.5 1) (layers F.Cu F.Paste F.Mask)
      (net 6 "Net-(R4-Pad2)"))
  )

  (module Resistor_SMD:R_0603_1608Metric_Pad1.05x0.95mm_HandSolder (layer F.Cu) (tedit 5B301BBD) (tstamp 6222C041)
    (at 40.25 22 270)
    (descr "Resistor SMD 0603 (1608 Metric), square (rectangular) end terminal, IPC_7351 nominal with elongated pad for handsoldering. (Body size source: http://www.tortai-tech.com/upload/download/2011102023233369053.pdf), generated with kicad-footprint-generator")
    (tags "resistor handsolder")
    (path /61D22886)
    (attr smd)
    (fp_text reference R3 (at 0 -1.43 90) (layer F.SilkS)
      (effects (font (size 1 1) (thickness 0.15)))
    )
    (fp_text value 10K (at -3.25 -0.07 90) (layer F.Fab)
      (effects (font (size 1 1) (thickness 0.15)))
    )
    (fp_text user %R (at 0 0 90) (layer F.Fab)
      (effects (font (size 0.4 0.4) (thickness 0.06)))
    )
    (fp_line (start 1.65 0.73) (end -1.65 0.73) (layer F.CrtYd) (width 0.05))
    (fp_line (start 1.65 -0.73) (end 1.65 0.73) (layer F.CrtYd) (width 0.05))
    (fp_line (start -1.65 -0.73) (end 1.65 -0.73) (layer F.CrtYd) (width 0.05))
    (fp_line (start -1.65 0.73) (end -1.65 -0.73) (layer F.CrtYd) (width 0.05))
    (fp_line (start -0.171267 0.51) (end 0.171267 0.51) (layer F.SilkS) (width 0.12))
    (fp_line (start -0.171267 -0.51) (end 0.171267 -0.51) (layer F.SilkS) (width 0.12))
    (fp_line (start 0.8 0.4) (end -0.8 0.4) (layer F.Fab) (width 0.1))
    (fp_line (start 0.8 -0.4) (end 0.8 0.4) (layer F.Fab) (width 0.1))
    (fp_line (start -0.8 -0.4) (end 0.8 -0.4) (layer F.Fab) (width 0.1))
    (fp_line (start -0.8 0.4) (end -0.8 -0.4) (layer F.Fab) (width 0.1))
    (pad 2 smd roundrect (at 0.875 0 270) (size 1.05 0.95) (layers F.Cu F.Paste F.Mask) (roundrect_rratio 0.25)
      (net 5 "Net-(R3-Pad2)"))
    (pad 1 smd roundrect (at -0.875 0 270) (size 1.05 0.95) (layers F.Cu F.Paste F.Mask) (roundrect_rratio 0.25)
      (net 2 +5V))
    (model ${KISYS3DMOD}/Resistor_SMD.3dshapes/R_0603_1608Metric.wrl
      (at (xyz 0 0 0))
      (scale (xyz 1 1 1))
      (rotate (xyz 0 0 0))
    )
  )

  (module amper:K2-1157SP-I4SW-01 (layer F.Cu) (tedit 622154E3) (tstamp 6222C036)
    (at 34.5 21)
    (path /61E5A842)
    (fp_text reference SW3 (at 6 2 90) (layer F.SilkS) hide
      (effects (font (size 1 1) (thickness 0.15)))
    )
    (fp_text value SW_Push (at 0 -4) (layer F.Fab)
      (effects (font (size 1 1) (thickness 0.15)))
    )
    (fp_line (start -4.85 2.85) (end -4.85 -2.85) (layer F.CrtYd) (width 0.12))
    (fp_line (start -4.85 -2.85) (end 4.85 -2.85) (layer F.CrtYd) (width 0.12))
    (fp_line (start 4.85 -2.85) (end 4.85 2.85) (layer F.CrtYd) (width 0.12))
    (fp_line (start 4.85 2.85) (end -4.85 2.85) (layer F.CrtYd) (width 0.12))
    (pad 2 smd rect (at -4 2.25) (size 1.5 1) (layers F.Cu F.Paste F.Mask)
      (net 5 "Net-(R3-Pad2)"))
    (pad 1 smd rect (at -4 -2.25) (size 1.5 1) (layers F.Cu F.Paste F.Mask)
      (net 1 GND))
    (pad 1 smd rect (at 4 -2.25) (size 1.5 1) (layers F.Cu F.Paste F.Mask)
      (net 1 GND))
    (pad 2 smd rect (at 4 2.25) (size 1.5 1) (layers F.Cu F.Paste F.Mask)
      (net 5 "Net-(R3-Pad2)"))
  )

  (module amper:SLS0392FB4A1GD (layer F.Cu) (tedit 61D32341) (tstamp 6222C01D)
    (at 19 25)
    (path /61D2285E)
    (attr smd)
    (fp_text reference U4 (at -7.5 -8 180) (layer F.SilkS)
      (effects (font (size 1 1) (thickness 0.15)))
    )
    (fp_text value HDSM-441B (at 0 -11) (layer F.Fab)
      (effects (font (size 1 1) (thickness 0.15)))
    )
    (fp_line (start 6.08 -7) (end 10 -7) (layer F.CrtYd) (width 0.12))
    (fp_line (start -6.08 -7) (end -10 -7) (layer F.CrtYd) (width 0.12))
    (fp_line (start -10 7) (end -6.08 7) (layer F.CrtYd) (width 0.12))
    (fp_line (start 6.08 7) (end 10 7) (layer F.CrtYd) (width 0.12))
    (fp_line (start -6.08 10.15) (end 6.08 10.15) (layer F.CrtYd) (width 0.12))
    (fp_line (start 6.08 -10.15) (end -6.08 -10.15) (layer F.CrtYd) (width 0.12))
    (fp_line (start 6.08 7) (end 6.08 10.15) (layer F.CrtYd) (width 0.12))
    (fp_line (start 6.08 -10.15) (end 6.08 -7) (layer F.CrtYd) (width 0.12))
    (fp_line (start -6.08 7) (end -6.08 10.15) (layer F.CrtYd) (width 0.12))
    (fp_line (start -6.08 -10.15) (end -6.08 -7) (layer F.CrtYd) (width 0.12))
    (fp_line (start -10 -7) (end -10 7) (layer F.CrtYd) (width 0.12))
    (fp_line (start 10 -7) (end 10 7) (layer F.CrtYd) (width 0.12))
    (pad 10 smd rect (at -5.08 -7.4) (size 1.5 4) (layers F.Cu F.Paste F.Mask)
      (net 12 /SourceBDigit1))
    (pad 1 smd rect (at -5.08 7.4) (size 1.5 4) (layers F.Cu F.Paste F.Mask)
      (net 20 /SEG1))
    (pad 9 smd rect (at -2.54 -7.4) (size 1.5 4) (layers F.Cu F.Paste F.Mask)
      (net 9 /SEG8))
    (pad 2 smd rect (at -2.54 7.4) (size 1.5 4) (layers F.Cu F.Paste F.Mask)
      (net 19 /SEG2))
    (pad 8 smd rect (at 0 -7.4) (size 1.5 4) (layers F.Cu F.Paste F.Mask)
      (net 11 /SEG7))
    (pad 3 smd rect (at 0 7.4) (size 1.5 4) (layers F.Cu F.Paste F.Mask)
      (net 18 /SEG3))
    (pad 7 smd rect (at 2.54 -7.4) (size 1.5 4) (layers F.Cu F.Paste F.Mask)
      (net 13 /SEG6))
    (pad 4 smd rect (at 2.54 7.4) (size 1.5 4) (layers F.Cu F.Paste F.Mask)
      (net 17 /SEG4))
    (pad 6 smd rect (at 5.08 -7.4) (size 1.5 4) (layers F.Cu F.Paste F.Mask)
      (net 15 /SEG5))
    (pad 5 smd rect (at 5.08 7.4) (size 1.5 4) (layers F.Cu F.Paste F.Mask)
      (net 10 /SourceBDigit2))
  )

  (module Resistor_SMD:R_0603_1608Metric_Pad1.05x0.95mm_HandSolder (layer F.Cu) (tedit 5B301BBD) (tstamp 6222C00D)
    (at 40.25 30 270)
    (descr "Resistor SMD 0603 (1608 Metric), square (rectangular) end terminal, IPC_7351 nominal with elongated pad for handsoldering. (Body size source: http://www.tortai-tech.com/upload/download/2011102023233369053.pdf), generated with kicad-footprint-generator")
    (tags "resistor handsolder")
    (path /61D581C2)
    (attr smd)
    (fp_text reference R4 (at 0 -1.43 90) (layer F.SilkS)
      (effects (font (size 1 1) (thickness 0.15)))
    )
    (fp_text value 10K (at -3.25 -0.07 90) (layer F.Fab)
      (effects (font (size 1 1) (thickness 0.15)))
    )
    (fp_line (start -0.8 0.4) (end -0.8 -0.4) (layer F.Fab) (width 0.1))
    (fp_line (start -0.8 -0.4) (end 0.8 -0.4) (layer F.Fab) (width 0.1))
    (fp_line (start 0.8 -0.4) (end 0.8 0.4) (layer F.Fab) (width 0.1))
    (fp_line (start 0.8 0.4) (end -0.8 0.4) (layer F.Fab) (width 0.1))
    (fp_line (start -0.171267 -0.51) (end 0.171267 -0.51) (layer F.SilkS) (width 0.12))
    (fp_line (start -0.171267 0.51) (end 0.171267 0.51) (layer F.SilkS) (width 0.12))
    (fp_line (start -1.65 0.73) (end -1.65 -0.73) (layer F.CrtYd) (width 0.05))
    (fp_line (start -1.65 -0.73) (end 1.65 -0.73) (layer F.CrtYd) (width 0.05))
    (fp_line (start 1.65 -0.73) (end 1.65 0.73) (layer F.CrtYd) (width 0.05))
    (fp_line (start 1.65 0.73) (end -1.65 0.73) (layer F.CrtYd) (width 0.05))
    (fp_text user %R (at 0 0 90) (layer F.Fab)
      (effects (font (size 0.4 0.4) (thickness 0.06)))
    )
    (pad 1 smd roundrect (at -0.875 0 270) (size 1.05 0.95) (layers F.Cu F.Paste F.Mask) (roundrect_rratio 0.25)
      (net 2 +5V))
    (pad 2 smd roundrect (at 0.875 0 270) (size 1.05 0.95) (layers F.Cu F.Paste F.Mask) (roundrect_rratio 0.25)
      (net 6 "Net-(R4-Pad2)"))
    (model ${KISYS3DMOD}/Resistor_SMD.3dshapes/R_0603_1608Metric.wrl
      (at (xyz 0 0 0))
      (scale (xyz 1 1 1))
      (rotate (xyz 0 0 0))
    )
  )

  (module TestPoint:TestPoint_Pad_D2.0mm (layer F.Cu) (tedit 5A0F774F) (tstamp 6222ADD0)
    (at 29.975 -7.1)
    (descr "SMD pad as test Point, diameter 2.0mm")
    (tags "test point SMD pad")
    (path /61EFA6CA)
    (attr virtual)
    (fp_text reference TP6 (at 0 -1.998) (layer F.SilkS)
      (effects (font (size 1 1) (thickness 0.15)))
    )
    (fp_text value TestPoint (at 0 2.05) (layer F.Fab)
      (effects (font (size 1 1) (thickness 0.15)))
    )
    (fp_text user %R (at 0 -2) (layer F.Fab)
      (effects (font (size 1 1) (thickness 0.15)))
    )
    (fp_circle (center 0 0) (end 1.5 0) (layer F.CrtYd) (width 0.05))
    (fp_circle (center 0 0) (end 0 1.2) (layer F.SilkS) (width 0.12))
    (pad 1 smd circle (at 0 0) (size 2 2) (layers F.Cu F.Mask)
      (net 25 /SourceBOut))
  )

  (module TestPoint:TestPoint_Pad_D2.0mm (layer F.Cu) (tedit 5A0F774F) (tstamp 6222ADC9)
    (at 20.8 -7.1)
    (descr "SMD pad as test Point, diameter 2.0mm")
    (tags "test point SMD pad")
    (path /61EFA6BF)
    (attr virtual)
    (fp_text reference TP4 (at 0 -1.998) (layer F.SilkS)
      (effects (font (size 1 1) (thickness 0.15)))
    )
    (fp_text value TestPoint (at 0 2.05) (layer F.Fab)
      (effects (font (size 1 1) (thickness 0.15)))
    )
    (fp_text user %R (at 0 -2) (layer F.Fab)
      (effects (font (size 1 1) (thickness 0.15)))
    )
    (fp_circle (center 0 0) (end 1.5 0) (layer F.CrtYd) (width 0.05))
    (fp_circle (center 0 0) (end 0 1.2) (layer F.SilkS) (width 0.12))
    (pad 1 smd circle (at 0 0) (size 2 2) (layers F.Cu F.Mask)
      (net 41 "Net-(C7-Pad1)"))
  )

  (module Capacitor_SMD:C_0603_1608Metric_Pad1.05x0.95mm_HandSolder (layer F.Cu) (tedit 5B301BBE) (tstamp 6222ADB9)
    (at 33.975 2.605 270)
    (descr "Capacitor SMD 0603 (1608 Metric), square (rectangular) end terminal, IPC_7351 nominal with elongated pad for handsoldering. (Body size source: http://www.tortai-tech.com/upload/download/2011102023233369053.pdf), generated with kicad-footprint-generator")
    (tags "capacitor handsolder")
    (path /61EFA693)
    (attr smd)
    (fp_text reference C9 (at 0 -1.43 90) (layer F.SilkS)
      (effects (font (size 1 1) (thickness 0.15)))
    )
    (fp_text value 1u (at 0 1.43 90) (layer F.Fab)
      (effects (font (size 1 1) (thickness 0.15)))
    )
    (fp_text user %R (at 0 0 90) (layer F.Fab)
      (effects (font (size 0.4 0.4) (thickness 0.06)))
    )
    (fp_line (start 1.65 0.73) (end -1.65 0.73) (layer F.CrtYd) (width 0.05))
    (fp_line (start 1.65 -0.73) (end 1.65 0.73) (layer F.CrtYd) (width 0.05))
    (fp_line (start -1.65 -0.73) (end 1.65 -0.73) (layer F.CrtYd) (width 0.05))
    (fp_line (start -1.65 0.73) (end -1.65 -0.73) (layer F.CrtYd) (width 0.05))
    (fp_line (start -0.171267 0.51) (end 0.171267 0.51) (layer F.SilkS) (width 0.12))
    (fp_line (start -0.171267 -0.51) (end 0.171267 -0.51) (layer F.SilkS) (width 0.12))
    (fp_line (start 0.8 0.4) (end -0.8 0.4) (layer F.Fab) (width 0.1))
    (fp_line (start 0.8 -0.4) (end 0.8 0.4) (layer F.Fab) (width 0.1))
    (fp_line (start -0.8 -0.4) (end 0.8 -0.4) (layer F.Fab) (width 0.1))
    (fp_line (start -0.8 0.4) (end -0.8 -0.4) (layer F.Fab) (width 0.1))
    (pad 2 smd roundrect (at 0.875 0 270) (size 1.05 0.95) (layers F.Cu F.Paste F.Mask) (roundrect_rratio 0.25)
      (net 1 GND))
    (pad 1 smd roundrect (at -0.875 0 270) (size 1.05 0.95) (layers F.Cu F.Paste F.Mask) (roundrect_rratio 0.25)
      (net 25 /SourceBOut))
    (model ${KISYS3DMOD}/Capacitor_SMD.3dshapes/C_0603_1608Metric.wrl
      (at (xyz 0 0 0))
      (scale (xyz 1 1 1))
      (rotate (xyz 0 0 0))
    )
  )

  (module Resistor_SMD:R_0603_1608Metric_Pad1.05x0.95mm_HandSolder (layer F.Cu) (tedit 5B301BBD) (tstamp 6222ADA3)
    (at 19.8 -0.395 180)
    (descr "Resistor SMD 0603 (1608 Metric), square (rectangular) end terminal, IPC_7351 nominal with elongated pad for handsoldering. (Body size source: http://www.tortai-tech.com/upload/download/2011102023233369053.pdf), generated with kicad-footprint-generator")
    (tags "resistor handsolder")
    (path /61EFA66E)
    (attr smd)
    (fp_text reference R8 (at -1.7 0.005) (layer F.SilkS)
      (effects (font (size 1 1) (thickness 0.15)) (justify left))
    )
    (fp_text value 30k (at 0 1.43) (layer F.Fab)
      (effects (font (size 1 1) (thickness 0.15)))
    )
    (fp_text user %R (at 0 0) (layer F.Fab)
      (effects (font (size 0.4 0.4) (thickness 0.06)))
    )
    (fp_line (start 1.65 0.73) (end -1.65 0.73) (layer F.CrtYd) (width 0.05))
    (fp_line (start 1.65 -0.73) (end 1.65 0.73) (layer F.CrtYd) (width 0.05))
    (fp_line (start -1.65 -0.73) (end 1.65 -0.73) (layer F.CrtYd) (width 0.05))
    (fp_line (start -1.65 0.73) (end -1.65 -0.73) (layer F.CrtYd) (width 0.05))
    (fp_line (start -0.171267 0.51) (end 0.171267 0.51) (layer F.SilkS) (width 0.12))
    (fp_line (start -0.171267 -0.51) (end 0.171267 -0.51) (layer F.SilkS) (width 0.12))
    (fp_line (start 0.8 0.4) (end -0.8 0.4) (layer F.Fab) (width 0.1))
    (fp_line (start 0.8 -0.4) (end 0.8 0.4) (layer F.Fab) (width 0.1))
    (fp_line (start -0.8 -0.4) (end 0.8 -0.4) (layer F.Fab) (width 0.1))
    (fp_line (start -0.8 0.4) (end -0.8 -0.4) (layer F.Fab) (width 0.1))
    (pad 2 smd roundrect (at 0.875 0 180) (size 1.05 0.95) (layers F.Cu F.Paste F.Mask) (roundrect_rratio 0.25)
      (net 38 /SourceBPwm))
    (pad 1 smd roundrect (at -0.875 0 180) (size 1.05 0.95) (layers F.Cu F.Paste F.Mask) (roundrect_rratio 0.25)
      (net 41 "Net-(C7-Pad1)"))
    (model ${KISYS3DMOD}/Resistor_SMD.3dshapes/R_0603_1608Metric.wrl
      (at (xyz 0 0 0))
      (scale (xyz 1 1 1))
      (rotate (xyz 0 0 0))
    )
  )

  (module Resistor_SMD:R_0603_1608Metric_Pad1.05x0.95mm_HandSolder (layer F.Cu) (tedit 5B301BBD) (tstamp 6222AD8F)
    (at 33.975 -2.395 90)
    (descr "Resistor SMD 0603 (1608 Metric), square (rectangular) end terminal, IPC_7351 nominal with elongated pad for handsoldering. (Body size source: http://www.tortai-tech.com/upload/download/2011102023233369053.pdf), generated with kicad-footprint-generator")
    (tags "resistor handsolder")
    (path /62192ACB)
    (attr smd)
    (fp_text reference R14 (at 0 -1.43 90) (layer F.SilkS)
      (effects (font (size 1 1) (thickness 0.15)))
    )
    (fp_text value 100K (at 0 1.43 90) (layer F.Fab)
      (effects (font (size 1 1) (thickness 0.15)))
    )
    (fp_line (start -0.8 0.4) (end -0.8 -0.4) (layer F.Fab) (width 0.1))
    (fp_line (start -0.8 -0.4) (end 0.8 -0.4) (layer F.Fab) (width 0.1))
    (fp_line (start 0.8 -0.4) (end 0.8 0.4) (layer F.Fab) (width 0.1))
    (fp_line (start 0.8 0.4) (end -0.8 0.4) (layer F.Fab) (width 0.1))
    (fp_line (start -0.171267 -0.51) (end 0.171267 -0.51) (layer F.SilkS) (width 0.12))
    (fp_line (start -0.171267 0.51) (end 0.171267 0.51) (layer F.SilkS) (width 0.12))
    (fp_line (start -1.65 0.73) (end -1.65 -0.73) (layer F.CrtYd) (width 0.05))
    (fp_line (start -1.65 -0.73) (end 1.65 -0.73) (layer F.CrtYd) (width 0.05))
    (fp_line (start 1.65 -0.73) (end 1.65 0.73) (layer F.CrtYd) (width 0.05))
    (fp_line (start 1.65 0.73) (end -1.65 0.73) (layer F.CrtYd) (width 0.05))
    (fp_text user %R (at 0 0 90) (layer F.Fab)
      (effects (font (size 0.4 0.4) (thickness 0.06)))
    )
    (pad 1 smd roundrect (at -0.875 0 90) (size 1.05 0.95) (layers F.Cu F.Paste F.Mask) (roundrect_rratio 0.25)
      (net 25 /SourceBOut))
    (pad 2 smd roundrect (at 0.875 0 90) (size 1.05 0.95) (layers F.Cu F.Paste F.Mask) (roundrect_rratio 0.25)
      (net 1 GND))
    (model ${KISYS3DMOD}/Resistor_SMD.3dshapes/R_0603_1608Metric.wrl
      (at (xyz 0 0 0))
      (scale (xyz 1 1 1))
      (rotate (xyz 0 0 0))
    )
  )

  (module TestPoint:TestPoint_Pad_D2.0mm (layer F.Cu) (tedit 5A0F774F) (tstamp 6222AD84)
    (at 16.8 -3.395)
    (descr "SMD pad as test Point, diameter 2.0mm")
    (tags "test point SMD pad")
    (path /61EFA6AE)
    (attr virtual)
    (fp_text reference TP2 (at 0 -1.998) (layer F.SilkS)
      (effects (font (size 1 1) (thickness 0.15)))
    )
    (fp_text value TestPoint (at 0 2.05) (layer F.Fab)
      (effects (font (size 1 1) (thickness 0.15)))
    )
    (fp_circle (center 0 0) (end 0 1.2) (layer F.SilkS) (width 0.12))
    (fp_circle (center 0 0) (end 1.5 0) (layer F.CrtYd) (width 0.05))
    (fp_text user %R (at 0 -2) (layer F.Fab)
      (effects (font (size 1 1) (thickness 0.15)))
    )
    (pad 1 smd circle (at 0 0) (size 2 2) (layers F.Cu F.Mask)
      (net 38 /SourceBPwm))
  )

  (module Resistor_SMD:R_0603_1608Metric_Pad1.05x0.95mm_HandSolder (layer F.Cu) (tedit 5B301BBD) (tstamp 6222AD6F)
    (at 20.8 2.605 270)
    (descr "Resistor SMD 0603 (1608 Metric), square (rectangular) end terminal, IPC_7351 nominal with elongated pad for handsoldering. (Body size source: http://www.tortai-tech.com/upload/download/2011102023233369053.pdf), generated with kicad-footprint-generator")
    (tags "resistor handsolder")
    (path /61EFA67E)
    (attr smd)
    (fp_text reference R12 (at 1.895 0 90) (layer F.SilkS)
      (effects (font (size 1 1) (thickness 0.15)) (justify right))
    )
    (fp_text value 20k (at 0 1.43 90) (layer F.Fab)
      (effects (font (size 1 1) (thickness 0.15)))
    )
    (fp_text user %R (at 0 0 90) (layer F.Fab)
      (effects (font (size 0.4 0.4) (thickness 0.06)))
    )
    (fp_line (start 1.65 0.73) (end -1.65 0.73) (layer F.CrtYd) (width 0.05))
    (fp_line (start 1.65 -0.73) (end 1.65 0.73) (layer F.CrtYd) (width 0.05))
    (fp_line (start -1.65 -0.73) (end 1.65 -0.73) (layer F.CrtYd) (width 0.05))
    (fp_line (start -1.65 0.73) (end -1.65 -0.73) (layer F.CrtYd) (width 0.05))
    (fp_line (start -0.171267 0.51) (end 0.171267 0.51) (layer F.SilkS) (width 0.12))
    (fp_line (start -0.171267 -0.51) (end 0.171267 -0.51) (layer F.SilkS) (width 0.12))
    (fp_line (start 0.8 0.4) (end -0.8 0.4) (layer F.Fab) (width 0.1))
    (fp_line (start 0.8 -0.4) (end 0.8 0.4) (layer F.Fab) (width 0.1))
    (fp_line (start -0.8 -0.4) (end 0.8 -0.4) (layer F.Fab) (width 0.1))
    (fp_line (start -0.8 0.4) (end -0.8 -0.4) (layer F.Fab) (width 0.1))
    (pad 2 smd roundrect (at 0.875 0 270) (size 1.05 0.95) (layers F.Cu F.Paste F.Mask) (roundrect_rratio 0.25)
      (net 1 GND))
    (pad 1 smd roundrect (at -0.875 0 270) (size 1.05 0.95) (layers F.Cu F.Paste F.Mask) (roundrect_rratio 0.25)
      (net 41 "Net-(C7-Pad1)"))
    (model ${KISYS3DMOD}/Resistor_SMD.3dshapes/R_0603_1608Metric.wrl
      (at (xyz 0 0 0))
      (scale (xyz 1 1 1))
      (rotate (xyz 0 0 0))
    )
  )

  (module Package_SO:SOIC-8_3.9x4.9mm_P1.27mm (layer F.Cu) (tedit 5D9F72B1) (tstamp 6222AD54)
    (at 27.5 -2.3)
    (descr "SOIC, 8 Pin (JEDEC MS-012AA, https://www.analog.com/media/en/package-pcb-resources/package/pkg_pdf/soic_narrow-r/r_8.pdf), generated with kicad-footprint-generator ipc_gullwing_generator.py")
    (tags "SOIC SO")
    (path /61D35969)
    (attr smd)
    (fp_text reference Q2 (at 0 -3.4) (layer F.SilkS)
      (effects (font (size 1 1) (thickness 0.15)))
    )
    (fp_text value FDS9435A (at 0 3.4) (layer F.Fab)
      (effects (font (size 1 1) (thickness 0.15)))
    )
    (fp_text user %R (at 0 0) (layer F.Fab)
      (effects (font (size 0.98 0.98) (thickness 0.15)))
    )
    (fp_line (start 3.7 -2.7) (end -3.7 -2.7) (layer F.CrtYd) (width 0.05))
    (fp_line (start 3.7 2.7) (end 3.7 -2.7) (layer F.CrtYd) (width 0.05))
    (fp_line (start -3.7 2.7) (end 3.7 2.7) (layer F.CrtYd) (width 0.05))
    (fp_line (start -3.7 -2.7) (end -3.7 2.7) (layer F.CrtYd) (width 0.05))
    (fp_line (start -1.95 -1.475) (end -0.975 -2.45) (layer F.Fab) (width 0.1))
    (fp_line (start -1.95 2.45) (end -1.95 -1.475) (layer F.Fab) (width 0.1))
    (fp_line (start 1.95 2.45) (end -1.95 2.45) (layer F.Fab) (width 0.1))
    (fp_line (start 1.95 -2.45) (end 1.95 2.45) (layer F.Fab) (width 0.1))
    (fp_line (start -0.975 -2.45) (end 1.95 -2.45) (layer F.Fab) (width 0.1))
    (fp_line (start 0 -2.56) (end -3.45 -2.56) (layer F.SilkS) (width 0.12))
    (fp_line (start 0 -2.56) (end 1.95 -2.56) (layer F.SilkS) (width 0.12))
    (fp_line (start 0 2.56) (end -1.95 2.56) (layer F.SilkS) (width 0.12))
    (fp_line (start 0 2.56) (end 1.95 2.56) (layer F.SilkS) (width 0.12))
    (pad 8 smd roundrect (at 2.475 -1.905) (size 1.95 0.6) (layers F.Cu F.Paste F.Mask) (roundrect_rratio 0.25)
      (net 25 /SourceBOut))
    (pad 7 smd roundrect (at 2.475 -0.635) (size 1.95 0.6) (layers F.Cu F.Paste F.Mask) (roundrect_rratio 0.25)
      (net 25 /SourceBOut))
    (pad 6 smd roundrect (at 2.475 0.635) (size 1.95 0.6) (layers F.Cu F.Paste F.Mask) (roundrect_rratio 0.25)
      (net 25 /SourceBOut))
    (pad 5 smd roundrect (at 2.475 1.905) (size 1.95 0.6) (layers F.Cu F.Paste F.Mask) (roundrect_rratio 0.25)
      (net 25 /SourceBOut))
    (pad 4 smd roundrect (at -2.475 1.905) (size 1.95 0.6) (layers F.Cu F.Paste F.Mask) (roundrect_rratio 0.25)
      (net 41 "Net-(C7-Pad1)"))
    (pad 3 smd roundrect (at -2.475 0.635) (size 1.95 0.6) (layers F.Cu F.Paste F.Mask) (roundrect_rratio 0.25)
      (net 2 +5V))
    (pad 2 smd roundrect (at -2.475 -0.635) (size 1.95 0.6) (layers F.Cu F.Paste F.Mask) (roundrect_rratio 0.25)
      (net 2 +5V))
    (pad 1 smd roundrect (at -2.475 -1.905) (size 1.95 0.6) (layers F.Cu F.Paste F.Mask) (roundrect_rratio 0.25)
      (net 2 +5V))
    (model ${KISYS3DMOD}/Package_SO.3dshapes/SOIC-8_3.9x4.9mm_P1.27mm.wrl
      (at (xyz 0 0 0))
      (scale (xyz 1 1 1))
      (rotate (xyz 0 0 0))
    )
  )

  (module Capacitor_SMD:C_0603_1608Metric_Pad1.05x0.95mm_HandSolder (layer F.Cu) (tedit 5B301BBE) (tstamp 6222AD44)
    (at 22.8 2.605 270)
    (descr "Capacitor SMD 0603 (1608 Metric), square (rectangular) end terminal, IPC_7351 nominal with elongated pad for handsoldering. (Body size source: http://www.tortai-tech.com/upload/download/2011102023233369053.pdf), generated with kicad-footprint-generator")
    (tags "capacitor handsolder")
    (path /61EFA684)
    (attr smd)
    (fp_text reference C7 (at 1.795 0 90) (layer F.SilkS)
      (effects (font (size 1 1) (thickness 0.15)) (justify right))
    )
    (fp_text value 1u (at 0 1.43 90) (layer F.Fab)
      (effects (font (size 1 1) (thickness 0.15)))
    )
    (fp_line (start -0.8 0.4) (end -0.8 -0.4) (layer F.Fab) (width 0.1))
    (fp_line (start -0.8 -0.4) (end 0.8 -0.4) (layer F.Fab) (width 0.1))
    (fp_line (start 0.8 -0.4) (end 0.8 0.4) (layer F.Fab) (width 0.1))
    (fp_line (start 0.8 0.4) (end -0.8 0.4) (layer F.Fab) (width 0.1))
    (fp_line (start -0.171267 -0.51) (end 0.171267 -0.51) (layer F.SilkS) (width 0.12))
    (fp_line (start -0.171267 0.51) (end 0.171267 0.51) (layer F.SilkS) (width 0.12))
    (fp_line (start -1.65 0.73) (end -1.65 -0.73) (layer F.CrtYd) (width 0.05))
    (fp_line (start -1.65 -0.73) (end 1.65 -0.73) (layer F.CrtYd) (width 0.05))
    (fp_line (start 1.65 -0.73) (end 1.65 0.73) (layer F.CrtYd) (width 0.05))
    (fp_line (start 1.65 0.73) (end -1.65 0.73) (layer F.CrtYd) (width 0.05))
    (fp_text user %R (at 0 0 90) (layer F.Fab)
      (effects (font (size 0.4 0.4) (thickness 0.06)))
    )
    (pad 1 smd roundrect (at -0.875 0 270) (size 1.05 0.95) (layers F.Cu F.Paste F.Mask) (roundrect_rratio 0.25)
      (net 41 "Net-(C7-Pad1)"))
    (pad 2 smd roundrect (at 0.875 0 270) (size 1.05 0.95) (layers F.Cu F.Paste F.Mask) (roundrect_rratio 0.25)
      (net 1 GND))
    (model ${KISYS3DMOD}/Capacitor_SMD.3dshapes/C_0603_1608Metric.wrl
      (at (xyz 0 0 0))
      (scale (xyz 1 1 1))
      (rotate (xyz 0 0 0))
    )
  )

  (module Resistor_SMD:R_0603_1608Metric_Pad1.05x0.95mm_HandSolder (layer F.Cu) (tedit 5B301BBD) (tstamp 6222AD31)
    (at 20.8 -3.395 270)
    (descr "Resistor SMD 0603 (1608 Metric), square (rectangular) end terminal, IPC_7351 nominal with elongated pad for handsoldering. (Body size source: http://www.tortai-tech.com/upload/download/2011102023233369053.pdf), generated with kicad-footprint-generator")
    (tags "resistor handsolder")
    (path /61EFA678)
    (attr smd)
    (fp_text reference R11 (at 0 -1.43 90) (layer F.SilkS)
      (effects (font (size 1 1) (thickness 0.15)))
    )
    (fp_text value 12k (at 0 1.43 90) (layer F.Fab)
      (effects (font (size 1 1) (thickness 0.15)))
    )
    (fp_line (start -0.8 0.4) (end -0.8 -0.4) (layer F.Fab) (width 0.1))
    (fp_line (start -0.8 -0.4) (end 0.8 -0.4) (layer F.Fab) (width 0.1))
    (fp_line (start 0.8 -0.4) (end 0.8 0.4) (layer F.Fab) (width 0.1))
    (fp_line (start 0.8 0.4) (end -0.8 0.4) (layer F.Fab) (width 0.1))
    (fp_line (start -0.171267 -0.51) (end 0.171267 -0.51) (layer F.SilkS) (width 0.12))
    (fp_line (start -0.171267 0.51) (end 0.171267 0.51) (layer F.SilkS) (width 0.12))
    (fp_line (start -1.65 0.73) (end -1.65 -0.73) (layer F.CrtYd) (width 0.05))
    (fp_line (start -1.65 -0.73) (end 1.65 -0.73) (layer F.CrtYd) (width 0.05))
    (fp_line (start 1.65 -0.73) (end 1.65 0.73) (layer F.CrtYd) (width 0.05))
    (fp_line (start 1.65 0.73) (end -1.65 0.73) (layer F.CrtYd) (width 0.05))
    (fp_text user %R (at 0 0 90) (layer F.Fab)
      (effects (font (size 0.4 0.4) (thickness 0.06)))
    )
    (pad 1 smd roundrect (at -0.875 0 270) (size 1.05 0.95) (layers F.Cu F.Paste F.Mask) (roundrect_rratio 0.25)
      (net 2 +5V))
    (pad 2 smd roundrect (at 0.875 0 270) (size 1.05 0.95) (layers F.Cu F.Paste F.Mask) (roundrect_rratio 0.25)
      (net 41 "Net-(C7-Pad1)"))
    (model ${KISYS3DMOD}/Resistor_SMD.3dshapes/R_0603_1608Metric.wrl
      (at (xyz 0 0 0))
      (scale (xyz 1 1 1))
      (rotate (xyz 0 0 0))
    )
  )

  (module amper:VT1H100M-CRD54 (layer F.Cu) (tedit 62212403) (tstamp 6222AD1E)
    (at 26.975 5.605)
    (path /62175534)
    (fp_text reference C11 (at 3.825 -0.005 90) (layer F.SilkS)
      (effects (font (size 1 1) (thickness 0.15)))
    )
    (fp_text value 10uF (at 0 -5.5) (layer F.Fab)
      (effects (font (size 1 1) (thickness 0.15)))
    )
    (fp_line (start -3 -3) (end 3 -3) (layer F.CrtYd) (width 0.12))
    (fp_line (start 3 -3) (end 3 3) (layer F.CrtYd) (width 0.12))
    (fp_line (start 3 3) (end -3 3) (layer F.CrtYd) (width 0.12))
    (fp_line (start -3 3) (end -3 -3) (layer F.CrtYd) (width 0.12))
    (fp_line (start 2 -4) (end 3 -3) (layer F.SilkS) (width 0.12))
    (fp_line (start 3 -3) (end 3 3) (layer F.SilkS) (width 0.12))
    (fp_line (start 3 3) (end -3 3) (layer F.SilkS) (width 0.12))
    (fp_line (start -3 3) (end -3 -3) (layer F.SilkS) (width 0.12))
    (fp_line (start -3 -3) (end -2 -4) (layer F.SilkS) (width 0.12))
    (fp_line (start -2 -4) (end 2 -4) (layer F.SilkS) (width 0.12))
    (pad 1 smd rect (at 0 -1.75) (size 0.8 2.2) (layers F.Cu F.Paste F.Mask)
      (net 25 /SourceBOut))
    (pad 2 smd rect (at 0 1.75) (size 0.8 2.2) (layers F.Cu F.Paste F.Mask)
      (net 1 GND))
  )

  (module amper:SolderHeader (layer F.Cu) (tedit 621EC436) (tstamp 622179DF)
    (at 0 42.8)
    (descr "Imported from inkscape/footprints/SolderHeader.svg.broken")
    (tags svg2mod)
    (path /621F624D)
    (attr smd)
    (fp_text reference J7 (at -0.7 -4.348229) (layer F.SilkS) hide
      (effects (font (size 1.524 1.524) (thickness 0.3048)))
    )
    (fp_text value Conn_01x05 (at -0.7 4.348229) (layer F.SilkS) hide
      (effects (font (size 1.524 1.524) (thickness 0.3048)))
    )
    (fp_poly (pts (xy 9.94707 0.199774) (xy 9.153837 0.993008) (xy 9.153837 -0.593459) (xy 9.94707 0.199774)
      (xy 10.178581 0.327415) (xy 10.793013 0.327415) (xy 9.99978 1.120132) (xy 9.99978 1.299966)
      (xy 10.179614 1.299966) (xy 11.099455 0.379608) (xy 11.099955 0.200291) (xy 11.099455 0.020457)
      (xy 10.179614 -0.899383) (xy 9.99978 -0.899903) (xy 9.99978 -0.720069) (xy 10.79353 0.073681)
      (xy 10.180131 0.073681) (xy 10.126904 0.020454) (xy 9.206547 -0.899903) (xy 9.026713 -0.900423)
      (xy 8.900106 -0.773299) (xy 8.900106 1.172319) (xy 9.026713 1.299443) (xy 9.026713 1.299963)
      (xy 9.206547 1.299443) (xy 10.178581 0.327409) (xy 9.94707 0.199774)) (layer F.SilkS) (width 0))
    (fp_poly (pts (xy -9.999693 -0.900163) (xy -10.179527 -0.899643) (xy -11.099367 0.020197) (xy -11.099887 0.200031)
      (xy -10.920053 0.200031) (xy -10.126303 -0.593719) (xy -10.126303 1.172582) (xy -9.999696 1.299706)
      (xy -9.872572 1.172582) (xy -9.872572 -0.593205) (xy -9.079856 0.200028) (xy -8.900022 0.200028)
      (xy -8.900022 0.020194) (xy -9.820379 -0.899647) (xy -9.999693 -0.900163)) (layer F.SilkS) (width 0))
    (fp_poly (pts (xy -0.845381 0.393303) (xy -0.845381 0.12562) (xy 0.000046 -0.720328) (xy 0.845472 0.125616)
      (xy 0.845472 0.392783) (xy -0.845381 0.393303) (xy -0.845381 0.647031) (xy 0.844956 0.647031)
      (xy 0.844956 1.172063) (xy 0.97208 1.299704) (xy 1.099203 1.17258) (xy 1.099203 0.200029)
      (xy 1.099703 0.200029) (xy 1.099203 0.020195) (xy 0.972596 -0.107445) (xy 0.972096 -0.106925)
      (xy 0.17938 -0.900159) (xy 0.000579 -0.900159) (xy -0.000451 -0.900159) (xy -0.179271 -0.900162)
      (xy -1.099112 0.020196) (xy -1.099612 0.20003) (xy -1.099112 0.20003) (xy -1.099112 1.17258)
      (xy -0.972505 1.299704) (xy -0.845381 1.17258) (xy -0.845381 0.647031) (xy -0.845381 0.393303)) (layer F.SilkS) (width 0))
    (fp_poly (pts (xy -5.215704 1.046231) (xy -5.342828 1.173355) (xy -5.215704 1.299963) (xy -4.784206 1.299963)
      (xy -4.657082 1.173355) (xy -4.784206 1.046231) (xy -5.215704 1.046231)) (layer F.SilkS) (width 0))
    (fp_poly (pts (xy -5.596559 0.555305) (xy -5.723683 0.682429) (xy -5.596559 0.809036) (xy -4.402834 0.809036)
      (xy -4.27571 0.682429) (xy -4.402834 0.555305) (xy -5.596559 0.555305)) (layer F.SilkS) (width 0))
    (fp_poly (pts (xy -4.999697 -0.90042) (xy -5.126821 -0.773296) (xy -5.126821 0.072647) (xy -5.972764 0.072647)
      (xy -6.099888 0.199771) (xy -5.972764 0.326379) (xy -4.027146 0.326379) (xy -3.900022 0.199771)
      (xy -4.027146 0.072647) (xy -4.873089 0.072647) (xy -4.873089 -0.773296) (xy -4.999697 -0.90042)) (layer F.SilkS) (width 0))
    (fp_poly (pts (xy 4.1546 0.327161) (xy 5.498187 0.326641) (xy 5.55038 0.379351) (xy 5.920384 0.749355)
      (xy 6.100218 0.749875) (xy 6.100218 0.570041) (xy 5.730214 0.200038) (xy 6.100218 -0.170483)
      (xy 6.100218 -0.350316) (xy 5.920384 -0.349796) (xy 5.55038 0.020724) (xy 5.498187 0.072917)
      (xy 4.154083 0.072917) (xy 4.1546 0.327161)) (layer F.SilkS) (width 0))
    (fp_poly (pts (xy 4.1541 -0.645902) (xy 5.624812 -0.646422) (xy 5.920401 -0.350833) (xy 6.100235 -0.350313)
      (xy 6.100235 -0.530147) (xy 5.730231 -0.90015) (xy 5.550397 -0.900683) (xy 5.550397 -0.900163)
      (xy 4.027493 -0.899643) (xy 3.899852 -0.773036) (xy 3.900352 -0.772516) (xy 3.900352 1.172585)
      (xy 3.900352 1.173105) (xy 4.027476 1.300229) (xy 5.55038 1.299709) (xy 5.55038 1.300229)
      (xy 5.730214 1.299709) (xy 6.100235 0.929702) (xy 6.100235 0.749868) (xy 5.920401 0.750388)
      (xy 5.624812 1.045977) (xy 4.154617 1.046497) (xy 4.1541 -0.645902)) (layer F.SilkS) (width 0))
    (pad 1 smd rect (at -10 4.2) (size 4 4) (layers F.Cu F.Paste F.Mask)
      (net 2 +5V))
    (pad 2 smd rect (at -5 4.2) (size 4 4) (layers F.Cu F.Paste F.Mask)
      (net 1 GND))
    (pad 3 smd rect (at 0 4.2) (size 4 4) (layers F.Cu F.Paste F.Mask)
      (net 24 /SourceAOut))
    (pad 4 smd rect (at 5 4.2) (size 4 4) (layers F.Cu F.Paste F.Mask)
      (net 25 /SourceBOut))
    (pad 5 smd rect (at 10 4.2) (size 4 4) (layers F.Cu F.Paste F.Mask)
      (net 29 /ResultAdc))
  )

  (module Capacitor_SMD:C_0603_1608Metric_Pad1.05x0.95mm_HandSolder (layer F.Cu) (tedit 5B301BBE) (tstamp 6222AB32)
    (at -27.2 2.605 270)
    (descr "Capacitor SMD 0603 (1608 Metric), square (rectangular) end terminal, IPC_7351 nominal with elongated pad for handsoldering. (Body size source: http://www.tortai-tech.com/upload/download/2011102023233369053.pdf), generated with kicad-footprint-generator")
    (tags "capacitor handsolder")
    (path /621F0C25)
    (attr smd)
    (fp_text reference C6 (at 1.795 0 90) (layer F.SilkS)
      (effects (font (size 1 1) (thickness 0.15)) (justify right))
    )
    (fp_text value 1u (at 0 1.43 90) (layer F.Fab)
      (effects (font (size 1 1) (thickness 0.15)))
    )
    (fp_text user %R (at 0 0 90) (layer F.Fab)
      (effects (font (size 0.4 0.4) (thickness 0.06)))
    )
    (fp_line (start 1.65 0.73) (end -1.65 0.73) (layer F.CrtYd) (width 0.05))
    (fp_line (start 1.65 -0.73) (end 1.65 0.73) (layer F.CrtYd) (width 0.05))
    (fp_line (start -1.65 -0.73) (end 1.65 -0.73) (layer F.CrtYd) (width 0.05))
    (fp_line (start -1.65 0.73) (end -1.65 -0.73) (layer F.CrtYd) (width 0.05))
    (fp_line (start -0.171267 0.51) (end 0.171267 0.51) (layer F.SilkS) (width 0.12))
    (fp_line (start -0.171267 -0.51) (end 0.171267 -0.51) (layer F.SilkS) (width 0.12))
    (fp_line (start 0.8 0.4) (end -0.8 0.4) (layer F.Fab) (width 0.1))
    (fp_line (start 0.8 -0.4) (end 0.8 0.4) (layer F.Fab) (width 0.1))
    (fp_line (start -0.8 -0.4) (end 0.8 -0.4) (layer F.Fab) (width 0.1))
    (fp_line (start -0.8 0.4) (end -0.8 -0.4) (layer F.Fab) (width 0.1))
    (pad 2 smd roundrect (at 0.875 0 270) (size 1.05 0.95) (layers F.Cu F.Paste F.Mask) (roundrect_rratio 0.25)
      (net 1 GND))
    (pad 1 smd roundrect (at -0.875 0 270) (size 1.05 0.95) (layers F.Cu F.Paste F.Mask) (roundrect_rratio 0.25)
      (net 21 "Net-(C6-Pad1)"))
    (model ${KISYS3DMOD}/Capacitor_SMD.3dshapes/C_0603_1608Metric.wrl
      (at (xyz 0 0 0))
      (scale (xyz 1 1 1))
      (rotate (xyz 0 0 0))
    )
  )

  (module Capacitor_SMD:C_0603_1608Metric_Pad1.05x0.95mm_HandSolder (layer F.Cu) (tedit 5B301BBE) (tstamp 6222A9C7)
    (at -16.025 2.605 270)
    (descr "Capacitor SMD 0603 (1608 Metric), square (rectangular) end terminal, IPC_7351 nominal with elongated pad for handsoldering. (Body size source: http://www.tortai-tech.com/upload/download/2011102023233369053.pdf), generated with kicad-footprint-generator")
    (tags "capacitor handsolder")
    (path /621F0C34)
    (attr smd)
    (fp_text reference C8 (at 0 -1.43 90) (layer F.SilkS)
      (effects (font (size 1 1) (thickness 0.15)))
    )
    (fp_text value 1u (at 0 1.43 90) (layer F.Fab)
      (effects (font (size 1 1) (thickness 0.15)))
    )
    (fp_line (start -0.8 0.4) (end -0.8 -0.4) (layer F.Fab) (width 0.1))
    (fp_line (start -0.8 -0.4) (end 0.8 -0.4) (layer F.Fab) (width 0.1))
    (fp_line (start 0.8 -0.4) (end 0.8 0.4) (layer F.Fab) (width 0.1))
    (fp_line (start 0.8 0.4) (end -0.8 0.4) (layer F.Fab) (width 0.1))
    (fp_line (start -0.171267 -0.51) (end 0.171267 -0.51) (layer F.SilkS) (width 0.12))
    (fp_line (start -0.171267 0.51) (end 0.171267 0.51) (layer F.SilkS) (width 0.12))
    (fp_line (start -1.65 0.73) (end -1.65 -0.73) (layer F.CrtYd) (width 0.05))
