(kicad_pcb (version 20171130) (host pcbnew 5.1.5+dfsg1-2build2)

  (general
    (thickness 1.6)
    (drawings 8)
    (tracks 31)
    (zones 0)
    (modules 53)
    (nets 54)
  )

  (page A4)
  (layers
    (0 F.Cu signal)
    (31 B.Cu signal)
    (32 B.Adhes user)
    (33 F.Adhes user)
    (34 B.Paste user)
    (35 F.Paste user)
    (36 B.SilkS user)
    (37 F.SilkS user)
    (38 B.Mask user)
    (39 F.Mask user)
    (40 Dwgs.User user)
    (41 Cmts.User user)
    (42 Eco1.User user)
    (43 Eco2.User user)
    (44 Edge.Cuts user)
    (45 Margin user)
    (46 B.CrtYd user)
    (47 F.CrtYd user)
    (48 B.Fab user)
    (49 F.Fab user)
  )

  (setup
    (last_trace_width 0.2)
    (user_trace_width 0.2)
    (user_trace_width 0.5)
    (user_trace_width 1)
    (trace_clearance 0.2)
    (zone_clearance 0.508)
    (zone_45_only no)
    (trace_min 0.2)
    (via_size 0.8)
    (via_drill 0.4)
    (via_min_size 0.4)
    (via_min_drill 0.3)
    (user_via 0.6 0.3)
    (user_via 1 0.5)
    (uvia_size 0.3)
    (uvia_drill 0.1)
    (uvias_allowed no)
    (uvia_min_size 0.2)
    (uvia_min_drill 0.1)
    (edge_width 0.05)
    (segment_width 0.2)
    (pcb_text_width 0.3)
    (pcb_text_size 1.5 1.5)
    (mod_edge_width 0.12)
    (mod_text_size 1 1)
    (mod_text_width 0.15)
    (pad_size 1.524 1.524)
    (pad_drill 0.762)
    (pad_to_mask_clearance 0.051)
    (solder_mask_min_width 0.25)
    (aux_axis_origin 0 0)
    (grid_origin 73 74)
    (visible_elements FFFFFF7F)
    (pcbplotparams
      (layerselection 0x010fc_ffffffff)
      (usegerberextensions false)
      (usegerberattributes false)
      (usegerberadvancedattributes false)
      (creategerberjobfile false)
      (excludeedgelayer true)
      (linewidth 0.100000)
      (plotframeref false)
      (viasonmask false)
      (mode 1)
      (useauxorigin false)
      (hpglpennumber 1)
      (hpglpenspeed 20)
      (hpglpendiameter 15.000000)
      (psnegative false)
      (psa4output false)
      (plotreference true)
      (plotvalue true)
      (plotinvisibletext false)
      (padsonsilk false)
      (subtractmaskfromsilk false)
      (outputformat 1)
      (mirror false)
      (drillshape 0)
      (scaleselection 1)
      (outputdirectory "../plots/"))
  )

  (net 0 "")
  (net 1 GND)
  (net 2 +5V)
  (net 3 "Net-(R1-Pad2)")
  (net 4 "Net-(R2-Pad2)")
  (net 5 "Net-(R3-Pad2)")
  (net 6 "Net-(R4-Pad2)")
  (net 7 /OutDigit2)
  (net 8 /OutDigit1)
  (net 9 /SEG8)
  (net 10 /SourceBDigit2)
  (net 11 /SEG7)
  (net 12 /SourceBDigit1)
  (net 13 /SEG6)
  (net 14 /SourceADigit2)
  (net 15 /SEG5)
  (net 16 /SourceADigit1)
  (net 17 /SEG4)
  (net 18 /SEG3)
  (net 19 /SEG2)
  (net 20 /SEG1)
  (net 21 "Net-(C6-Pad1)")
  (net 22 /Tm1636Dio)
  (net 23 /Tm1636Clk)
  (net 24 /SourceAOut)
  (net 25 /SourceBOut)
  (net 26 /R1)
  (net 27 /R2)
  (net 28 /R3)
  (net 29 /ResultAdc)
  (net 30 /R4)
  (net 31 /R5)
  (net 32 /V+)
  (net 33 /V-)
  (net 34 /AtProg)
  (net 35 /UartRx)
  (net 36 /UartTx)
  (net 37 /SourceAPwm)
  (net 38 /SourceBPwm)
  (net 39 /Tm1637Clk)
  (net 40 /Tm1637Dio)
  (net 41 "Net-(C7-Pad1)")
  (net 42 "Net-(J4-PadB5)")
  (net 43 "Net-(J4-PadA5)")
  (net 44 "Net-(U1-Pad20)")
  (net 45 "Net-(U1-Pad19)")
  (net 46 "Net-(U5-Pad1)")
  (net 47 "Net-(U5-Pad5)")
  (net 48 "Net-(U5-Pad8)")
  (net 49 "Net-(U7-Pad5)")
  (net 50 "Net-(U7-Pad6)")
  (net 51 "Net-(U7-Pad7)")
  (net 52 "Net-(U7-Pad10)")
  (net 53 "Net-(J4-PadS1)")

  (net_class Default "This is the default net class."
    (clearance 0.2)
    (trace_width 0.25)
    (via_dia 0.8)
    (via_drill 0.4)
    (uvia_dia 0.3)
    (uvia_drill 0.1)
    (add_net +5V)
    (add_net /AtProg)
    (add_net /OutDigit1)
    (add_net /OutDigit2)
    (add_net /R1)
    (add_net /R2)
    (add_net /R3)
    (add_net /R4)
    (add_net /R5)
    (add_net /ResultAdc)
    (add_net /SEG1)
    (add_net /SEG2)
    (add_net /SEG3)
    (add_net /SEG4)
    (add_net /SEG5)
    (add_net /SEG6)
    (add_net /SEG7)
    (add_net /SEG8)
    (add_net /SourceADigit1)
    (add_net /SourceADigit2)
    (add_net /SourceAOut)
    (add_net /SourceAPwm)
    (add_net /SourceBDigit1)
    (add_net /SourceBDigit2)
    (add_net /SourceBOut)
    (add_net /SourceBPwm)
    (add_net /Tm1636Clk)
    (add_net /Tm1636Dio)
    (add_net /Tm1637Clk)
    (add_net /Tm1637Dio)
    (add_net /UartRx)
    (add_net /UartTx)
    (add_net /V+)
    (add_net /V-)
    (add_net GND)
    (add_net "Net-(C6-Pad1)")
    (add_net "Net-(C7-Pad1)")
    (add_net "Net-(J4-PadA5)")
    (add_net "Net-(J4-PadB5)")
    (add_net "Net-(J4-PadS1)")
    (add_net "Net-(R1-Pad2)")
    (add_net "Net-(R2-Pad2)")
    (add_net "Net-(R3-Pad2)")
    (add_net "Net-(R4-Pad2)")
    (add_net "Net-(U1-Pad19)")
    (add_net "Net-(U1-Pad20)")
    (add_net "Net-(U5-Pad1)")
    (add_net "Net-(U5-Pad5)")
    (add_net "Net-(U5-Pad8)")
    (add_net "Net-(U7-Pad10)")
    (add_net "Net-(U7-Pad5)")
    (add_net "Net-(U7-Pad6)")
    (add_net "Net-(U7-Pad7)")
  )

  (module amper:pcb_logo (layer F.Cu) (tedit 621C21CE) (tstamp 6221A1C2)
    (at -33 -33)
    (descr "Imported from inkscape/footprints/pcb_logo.svg.broken")
    (tags svg2mod)
    (attr smd)
    (fp_text reference svg2mod (at 0 -18.048118) (layer F.SilkS) hide
      (effects (font (size 1.524 1.524) (thickness 0.3048)))
    )
    (fp_text value G*** (at 0 18.048118) (layer F.SilkS) hide
      (effects (font (size 1.524 1.524) (thickness 0.3048)))
    )
    (fp_poly (pts (xy -11.000362 -15.000118) (xy -11.000362 -13.00024) (xy -11.000362 -12.999723) (xy -11.000362 -11.000362)
      (xy -9.000484 -11.000362) (xy -9.000484 -12.999723) (xy -11.000362 -12.999723) (xy -11.000362 -13.00024)
      (xy -8.999968 -13.00024) (xy -8.999968 -15.000118) (xy -11.000362 -15.000118)) (layer F.Cu) (width 0))
    (fp_poly (pts (xy 8.999967 -15.000118) (xy 8.999967 -12.000301) (xy 8.999967 -11.000362) (xy 8.999967 -8.999968)
      (xy 8.999967 -8.000029) (xy 8.999967 -5.41414) (xy 6.414079 -2.828768) (xy 6.414595 -2.828251)
      (xy 5.000211 -1.414384) (xy 6.413562 -0.000517) (xy 6.414079 0) (xy 7.828462 -1.414384)
      (xy 7.827946 -1.414901) (xy 10.999845 -4.586283) (xy 10.999845 -8.000029) (xy 10.999845 -8.999968)
      (xy 10.999845 -10.999845) (xy 10.999845 -11.000362) (xy 10.999845 -12.000301) (xy 10.999845 -15.000118)
      (xy 8.999967 -15.000118)) (layer F.Cu) (width 0))
    (fp_poly (pts (xy -15.000118 -11.000362) (xy -15.000118 -8.999968) (xy -12.000301 -8.999968) (xy -11.000362 -8.999968)
      (xy -8.999968 -8.999968) (xy -8.000029 -8.999968) (xy -5.41414 -8.999968) (xy -2.828251 -6.414596)
      (xy -1.414384 -5.000212) (xy 0 -6.414596) (xy -1.414384 -7.828463) (xy -4.586283 -11.000362)
      (xy -8.000029 -11.000362) (xy -8.999968 -11.000362) (xy -9.000484 -11.000362) (xy -11.000362 -11.000362)
      (xy -12.000301 -11.000362) (xy -15.000118 -11.000362)) (layer F.Cu) (width 0))
    (fp_poly (pts (xy 4.585766 -11.000362) (xy 0.706933 -7.121529) (xy 0 -6.414596) (xy -1.414384 -5.000212)
      (xy -2.121318 -4.292761) (xy -3.585828 -2.828768) (xy -5.000212 -1.414384) (xy -3.585828 -0.000517)
      (xy -2.171961 -1.414384) (xy -2.171444 -1.414384) (xy -0.707451 -2.878894) (xy 0 -3.585828)
      (xy 1.414384 -5.000212) (xy 2.121317 -5.707145) (xy 5.41414 -8.999968) (xy 6.999573 -8.999968)
      (xy 7.000089 -8.999968) (xy 8.99945 -8.999968) (xy 8.99945 -10.999845) (xy 7.000089 -10.999845)
      (xy 7.000089 -11.000362) (xy 4.585766 -11.000362)) (layer F.Cu) (width 0))
    (fp_poly (pts (xy 12.999722 -11.000362) (xy 12.999722 -10.999845) (xy 10.999845 -10.999845) (xy 10.999845 -8.999968)
      (xy 12.999722 -8.999968) (xy 15.000118 -8.999968) (xy 15.000118 -11.000362) (xy 12.999722 -11.000362)) (layer F.Cu) (width 0))
    (fp_poly (pts (xy -11.000362 -8.999451) (xy -11.000362 -7.00009) (xy -11.000362 -6.999573) (xy -11.000362 -4.586283)
      (xy -7.121529 -0.707451) (xy -6.414596 -0.000517) (xy -6.414596 0) (xy -5.000212 1.413867)
      (xy -4.999695 1.414384) (xy -4.292761 2.121317) (xy -2.828251 3.585311) (xy -2.828251 3.585827)
      (xy -1.414384 4.999695) (xy -0.000517 3.585827) (xy -1.414384 2.171444) (xy -2.878894 0.706933)
      (xy -3.585828 0) (xy -3.585828 -0.000517) (xy -5.000212 -1.414384) (xy -5.707145 -2.121318)
      (xy -8.999968 -5.41414) (xy -8.999968 -7.00009) (xy -9.000484 -7.00009) (xy -9.000484 -8.999451)
      (xy -11.000362 -8.999451)) (layer F.Cu) (width 0))
    (fp_poly (pts (xy 1.414384 -5.000212) (xy 0 -3.585828) (xy 1.414384 -2.171961) (xy 2.878377 -0.707451)
      (xy 3.585827 0) (xy 4.999695 1.413867) (xy 4.999695 1.414384) (xy 5.707145 2.121317)
      (xy 8.999967 5.41414) (xy 8.999967 7.000089) (xy 8.99945 7.000089) (xy 8.99945 8.999967)
      (xy 8.999967 8.999967) (xy 10.999328 8.999967) (xy 10.999328 7.000089) (xy 10.999845 7.000089)
      (xy 10.999845 4.585766) (xy 7.121012 0.706933) (xy 6.414079 0) (xy 6.413562 -0.000517)
      (xy 5.000211 -1.414384) (xy 4.999695 -1.414384) (xy 4.292761 -2.121318) (xy 2.828251 -3.585828)
      (xy 1.414384 -5.000212)) (layer F.Cu) (width 0))
    (fp_poly (pts (xy -6.414596 0) (xy -7.828463 1.413867) (xy -11.000362 4.585766) (xy -11.000362 8.000028)
      (xy -11.000362 8.999967) (xy -11.000362 10.999845) (xy -11.000362 11.999785) (xy -11.000362 15.000118)
      (xy -8.999968 15.000118) (xy -8.999968 11.999785) (xy -8.999968 10.999845) (xy -8.999968 8.999967)
      (xy -8.999968 8.000028) (xy -8.999968 5.41414) (xy -6.414596 2.828251) (xy -6.414596 2.827734)
      (xy -5.000212 1.413867) (xy -6.414596 0)) (layer F.Cu) (width 0))
    (fp_poly (pts (xy 3.585827 0) (xy 2.17196 1.414384) (xy 2.171444 1.414384) (xy 0.706933 2.878377)
      (xy 0 3.585827) (xy -0.000517 3.585827) (xy -1.414384 4.999695) (xy -2.121318 5.707145)
      (xy -5.41414 8.999967) (xy -7.00009 8.999967) (xy -8.999968 8.999967) (xy -8.999968 10.999845)
      (xy -7.00009 10.999845) (xy -4.586283 10.999845) (xy -0.707451 7.121012) (xy -0.000517 6.413562)
      (xy 0 6.414079) (xy 1.413867 5.000211) (xy 1.413867 4.999695) (xy 2.121317 4.292761)
      (xy 3.585827 2.828251) (xy 4.999695 1.414384) (xy 4.999695 1.413867) (xy 3.585827 0)) (layer F.Cu) (width 0))
    (fp_poly (pts (xy 1.413867 5.000211) (xy 0 6.414079) (xy 1.414384 7.828462) (xy 4.585766 10.999845)
      (xy 8.000028 10.999845) (xy 8.999967 10.999845) (xy 10.999845 10.999845) (xy 11.999785 10.999845)
      (xy 15.000118 10.999845) (xy 15.000118 8.999967) (xy 11.999785 8.999967) (xy 10.999845 8.999967)
      (xy 10.999328 8.999967) (xy 8.999967 8.999967) (xy 8.99945 8.999967) (xy 8.000028 8.999967)
      (xy 5.41414 8.999967) (xy 2.828251 6.414079) (xy 1.413867 5.000211)) (layer F.Cu) (width 0))
    (fp_poly (pts (xy -15.000118 8.999967) (xy -15.000118 10.999845) (xy -13.00024 10.999845) (xy -11.000362 10.999845)
      (xy -11.000362 8.999967) (xy -13.00024 8.999967) (xy -15.000118 8.999967)) (layer F.Cu) (width 0))
    (fp_poly (pts (xy 8.99945 11.000362) (xy 8.99945 13.000238) (xy 8.999967 13.000238) (xy 8.999967 15.000118)
      (xy 10.999845 15.000118) (xy 10.999845 12.999722) (xy 10.999328 12.999722) (xy 10.999328 11.000362)
      (xy 8.99945 11.000362)) (layer F.Cu) (width 0))
    (fp_poly (pts (xy -11.000362 -15.000118) (xy -11.000362 -13.00024) (xy -8.999968 -13.00024) (xy -8.999968 -15.000118)
      (xy -11.000362 -15.000118)) (layer F.Mask) (width 0))
    (fp_poly (pts (xy 8.999967 -15.000118) (xy 8.999967 -12.000301) (xy 8.999967 -11.000362) (xy 8.999967 -8.999968)
      (xy 8.999967 -8.000029) (xy 8.999967 -5.41414) (xy 6.414079 -2.828768) (xy 7.827946 -1.414901)
      (xy 10.999845 -4.586283) (xy 10.999845 -8.000029) (xy 10.999845 -8.999968) (xy 10.999845 -11.000362)
      (xy 10.999845 -12.000301) (xy 10.999845 -15.000118) (xy 8.999967 -15.000118)) (layer F.Mask) (width 0))
    (fp_poly (pts (xy -15.000118 -11.000362) (xy -15.000118 -8.999968) (xy -12.000301 -8.999968) (xy -11.000362 -8.999968)
      (xy -8.999968 -8.999968) (xy -8.000029 -8.999968) (xy -5.41414 -8.999968) (xy -2.828251 -6.414596)
      (xy -1.414384 -7.828463) (xy -4.586283 -11.000362) (xy -8.000029 -11.000362) (xy -8.999968 -11.000362)
      (xy -11.000362 -11.000362) (xy -12.000301 -11.000362) (xy -15.000118 -11.000362)) (layer F.Mask) (width 0))
    (fp_poly (pts (xy 4.585766 -11.000362) (xy 0.706933 -7.121529) (xy -1.414384 -5.000212) (xy -2.121318 -4.292761)
      (xy -3.585828 -2.828768) (xy -2.171444 -1.414384) (xy -0.707451 -2.878894) (xy 0 -3.585828)
      (xy 2.121317 -5.707145) (xy 5.41414 -8.999968) (xy 7.000089 -8.999968) (xy 7.000089 -11.000362)
      (xy 4.585766 -11.000362)) (layer F.Mask) (width 0))
    (fp_poly (pts (xy 12.999722 -11.000362) (xy 12.999722 -8.999968) (xy 15.000118 -8.999968) (xy 15.000118 -11.000362)
      (xy 12.999722 -11.000362)) (layer F.Mask) (width 0))
    (fp_poly (pts (xy -11.000362 -7.00009) (xy -11.000362 -4.586283) (xy -7.121529 -0.707451) (xy -6.414596 -0.000517)
      (xy -4.999695 1.414384) (xy -4.292761 2.121317) (xy -2.828251 3.585827) (xy -1.414384 2.171444)
      (xy -2.878894 0.706933) (xy -3.585828 0) (xy -5.000212 -1.414384) (xy -5.707145 -2.121318)
      (xy -8.999968 -5.41414) (xy -8.999968 -7.00009) (xy -11.000362 -7.00009)) (layer F.Mask) (width 0))
    (fp_poly (pts (xy 2.828251 -3.585828) (xy 1.414384 -2.171961) (xy 2.878377 -0.707451) (xy 3.585827 0)
      (xy 4.999695 1.413867) (xy 5.707145 2.121317) (xy 8.999967 5.41414) (xy 8.999967 7.000089)
      (xy 10.999845 7.000089) (xy 10.999845 4.585766) (xy 7.121012 0.706933) (xy 6.413562 -0.000517)
      (xy 4.999695 -1.414384) (xy 4.292761 -2.121318) (xy 2.828251 -3.585828)) (layer F.Mask) (width 0))
    (fp_poly (pts (xy -7.828463 1.413867) (xy -11.000362 4.585766) (xy -11.000362 8.000028) (xy -11.000362 8.999967)
      (xy -11.000362 10.999845) (xy -11.000362 11.999785) (xy -11.000362 15.000118) (xy -8.999968 15.000118)
      (xy -8.999968 11.999785) (xy -8.999968 10.999845) (xy -8.999968 8.999967) (xy -8.999968 8.000028)
      (xy -8.999968 5.41414) (xy -6.414079 2.828251) (xy -7.828463 1.413867)) (layer F.Mask) (width 0))
    (fp_poly (pts (xy 2.17196 1.414396) (xy 0.706933 2.87839) (xy 0 3.58584) (xy -1.414384 4.999707)
      (xy -2.121318 5.707157) (xy -5.41414 8.99998) (xy -7.00009 8.99998) (xy -7.00009 10.999857)
      (xy -4.586283 10.999857) (xy -0.707451 7.121025) (xy -0.000517 6.413574) (xy 0.000012 6.414103)
      (xy 1.413879 4.99972) (xy 2.12133 4.292786) (xy 3.58584 2.828276) (xy 2.17196 1.414396)) (layer F.Mask) (width 0))
    (fp_poly (pts (xy 2.828251 6.414091) (xy 1.414384 7.828475) (xy 4.585766 10.999857) (xy 8.000028 10.999857)
      (xy 8.999967 10.999857) (xy 10.999845 10.999857) (xy 11.999785 10.999857) (xy 15.000118 10.999857)
      (xy 15.000118 8.999967) (xy 11.999785 8.999967) (xy 10.999845 8.999967) (xy 8.999967 8.999967)
      (xy 8.000028 8.999967) (xy 5.41414 8.999967) (xy 2.828251 6.414091)) (layer F.Mask) (width 0))
    (fp_poly (pts (xy -15.000118 8.999967) (xy -15.000118 10.999845) (xy -13.00024 10.999845) (xy -13.00024 8.999967)
      (xy -15.000118 8.999967)) (layer F.Mask) (width 0))
    (fp_poly (pts (xy 8.999967 12.999722) (xy 8.999967 15.000118) (xy 10.999845 15.000118) (xy 10.999845 12.999722)
      (xy 8.999967 12.999722)) (layer F.Mask) (width 0))
  )

  (module amper:SolderHeader (layer F.Cu) (tedit 621EC436) (tstamp 622179DF)
    (at 0 42.8)
    (descr "Imported from inkscape/footprints/SolderHeader.svg.broken")
    (tags svg2mod)
    (path /621F624D)
    (attr smd)
    (fp_text reference J7 (at -0.7 -4.348229) (layer F.SilkS) hide
      (effects (font (size 1.524 1.524) (thickness 0.3048)))
    )
    (fp_text value Conn_01x05 (at -0.7 4.348229) (layer F.SilkS) hide
      (effects (font (size 1.524 1.524) (thickness 0.3048)))
    )
    (fp_poly (pts (xy 9.94707 0.199774) (xy 9.153837 0.993008) (xy 9.153837 -0.593459) (xy 9.94707 0.199774)
      (xy 10.178581 0.327415) (xy 10.793013 0.327415) (xy 9.99978 1.120132) (xy 9.99978 1.299966)
      (xy 10.179614 1.299966) (xy 11.099455 0.379608) (xy 11.099955 0.200291) (xy 11.099455 0.020457)
      (xy 10.179614 -0.899383) (xy 9.99978 -0.899903) (xy 9.99978 -0.720069) (xy 10.79353 0.073681)
      (xy 10.180131 0.073681) (xy 10.126904 0.020454) (xy 9.206547 -0.899903) (xy 9.026713 -0.900423)
      (xy 8.900106 -0.773299) (xy 8.900106 1.172319) (xy 9.026713 1.299443) (xy 9.026713 1.299963)
      (xy 9.206547 1.299443) (xy 10.178581 0.327409) (xy 9.94707 0.199774)) (layer F.SilkS) (width 0))
    (fp_poly (pts (xy -9.999693 -0.900163) (xy -10.179527 -0.899643) (xy -11.099367 0.020197) (xy -11.099887 0.200031)
      (xy -10.920053 0.200031) (xy -10.126303 -0.593719) (xy -10.126303 1.172582) (xy -9.999696 1.299706)
      (xy -9.872572 1.172582) (xy -9.872572 -0.593205) (xy -9.079856 0.200028) (xy -8.900022 0.200028)
      (xy -8.900022 0.020194) (xy -9.820379 -0.899647) (xy -9.999693 -0.900163)) (layer F.SilkS) (width 0))
    (fp_poly (pts (xy -0.845381 0.393303) (xy -0.845381 0.12562) (xy 0.000046 -0.720328) (xy 0.845472 0.125616)
      (xy 0.845472 0.392783) (xy -0.845381 0.393303) (xy -0.845381 0.647031) (xy 0.844956 0.647031)
      (xy 0.844956 1.172063) (xy 0.97208 1.299704) (xy 1.099203 1.17258) (xy 1.099203 0.200029)
      (xy 1.099703 0.200029) (xy 1.099203 0.020195) (xy 0.972596 -0.107445) (xy 0.972096 -0.106925)
      (xy 0.17938 -0.900159) (xy 0.000579 -0.900159) (xy -0.000451 -0.900159) (xy -0.179271 -0.900162)
      (xy -1.099112 0.020196) (xy -1.099612 0.20003) (xy -1.099112 0.20003) (xy -1.099112 1.17258)
      (xy -0.972505 1.299704) (xy -0.845381 1.17258) (xy -0.845381 0.647031) (xy -0.845381 0.393303)) (layer F.SilkS) (width 0))
    (fp_poly (pts (xy -5.215704 1.046231) (xy -5.342828 1.173355) (xy -5.215704 1.299963) (xy -4.784206 1.299963)
      (xy -4.657082 1.173355) (xy -4.784206 1.046231) (xy -5.215704 1.046231)) (layer F.SilkS) (width 0))
    (fp_poly (pts (xy -5.596559 0.555305) (xy -5.723683 0.682429) (xy -5.596559 0.809036) (xy -4.402834 0.809036)
      (xy -4.27571 0.682429) (xy -4.402834 0.555305) (xy -5.596559 0.555305)) (layer F.SilkS) (width 0))
    (fp_poly (pts (xy -4.999697 -0.90042) (xy -5.126821 -0.773296) (xy -5.126821 0.072647) (xy -5.972764 0.072647)
      (xy -6.099888 0.199771) (xy -5.972764 0.326379) (xy -4.027146 0.326379) (xy -3.900022 0.199771)
      (xy -4.027146 0.072647) (xy -4.873089 0.072647) (xy -4.873089 -0.773296) (xy -4.999697 -0.90042)) (layer F.SilkS) (width 0))
    (fp_poly (pts (xy 4.1546 0.327161) (xy 5.498187 0.326641) (xy 5.55038 0.379351) (xy 5.920384 0.749355)
      (xy 6.100218 0.749875) (xy 6.100218 0.570041) (xy 5.730214 0.200038) (xy 6.100218 -0.170483)
      (xy 6.100218 -0.350316) (xy 5.920384 -0.349796) (xy 5.55038 0.020724) (xy 5.498187 0.072917)
      (xy 4.154083 0.072917) (xy 4.1546 0.327161)) (layer F.SilkS) (width 0))
    (fp_poly (pts (xy 4.1541 -0.645902) (xy 5.624812 -0.646422) (xy 5.920401 -0.350833) (xy 6.100235 -0.350313)
      (xy 6.100235 -0.530147) (xy 5.730231 -0.90015) (xy 5.550397 -0.900683) (xy 5.550397 -0.900163)
      (xy 4.027493 -0.899643) (xy 3.899852 -0.773036) (xy 3.900352 -0.772516) (xy 3.900352 1.172585)
      (xy 3.900352 1.173105) (xy 4.027476 1.300229) (xy 5.55038 1.299709) (xy 5.55038 1.300229)
      (xy 5.730214 1.299709) (xy 6.100235 0.929702) (xy 6.100235 0.749868) (xy 5.920401 0.750388)
      (xy 5.624812 1.045977) (xy 4.154617 1.046497) (xy 4.1541 -0.645902)) (layer F.SilkS) (width 0))
    (pad 1 smd rect (at -10 4.2) (size 4 4) (layers F.Cu F.Paste F.Mask)
      (net 2 +5V))
    (pad 2 smd rect (at -5 4.2) (size 4 4) (layers F.Cu F.Paste F.Mask)
      (net 1 GND))
    (pad 3 smd rect (at 0 4.2) (size 4 4) (layers F.Cu F.Paste F.Mask)
      (net 24 /SourceAOut))
    (pad 4 smd rect (at 5 4.2) (size 4 4) (layers F.Cu F.Paste F.Mask)
      (net 25 /SourceBOut))
    (pad 5 smd rect (at 10 4.2) (size 4 4) (layers F.Cu F.Paste F.Mask)
      (net 29 /ResultAdc))
  )

  (module Capacitor_SMD:C_0603_1608Metric_Pad1.05x0.95mm_HandSolder (layer F.Cu) (tedit 5B301BBE) (tstamp 6221B304)
    (at 57 -27)
    (descr "Capacitor SMD 0603 (1608 Metric), square (rectangular) end terminal, IPC_7351 nominal with elongated pad for handsoldering. (Body size source: http://www.tortai-tech.com/upload/download/2011102023233369053.pdf), generated with kicad-footprint-generator")
    (tags "capacitor handsolder")
    (path /61E3CE71)
    (attr smd)
    (fp_text reference C1 (at 0 -1.43) (layer F.SilkS)
      (effects (font (size 1 1) (thickness 0.15)))
    )
    (fp_text value 100pF (at 0 1.43) (layer F.Fab)
      (effects (font (size 1 1) (thickness 0.15)))
    )
    (fp_line (start -0.8 0.4) (end -0.8 -0.4) (layer F.Fab) (width 0.1))
    (fp_line (start -0.8 -0.4) (end 0.8 -0.4) (layer F.Fab) (width 0.1))
    (fp_line (start 0.8 -0.4) (end 0.8 0.4) (layer F.Fab) (width 0.1))
    (fp_line (start 0.8 0.4) (end -0.8 0.4) (layer F.Fab) (width 0.1))
    (fp_line (start -0.171267 -0.51) (end 0.171267 -0.51) (layer F.SilkS) (width 0.12))
    (fp_line (start -0.171267 0.51) (end 0.171267 0.51) (layer F.SilkS) (width 0.12))
    (fp_line (start -1.65 0.73) (end -1.65 -0.73) (layer F.CrtYd) (width 0.05))
    (fp_line (start -1.65 -0.73) (end 1.65 -0.73) (layer F.CrtYd) (width 0.05))
    (fp_line (start 1.65 -0.73) (end 1.65 0.73) (layer F.CrtYd) (width 0.05))
    (fp_line (start 1.65 0.73) (end -1.65 0.73) (layer F.CrtYd) (width 0.05))
    (fp_text user %R (at 0 0) (layer F.Fab)
      (effects (font (size 0.4 0.4) (thickness 0.06)))
    )
    (pad 1 smd roundrect (at -0.875 0) (size 1.05 0.95) (layers F.Cu F.Paste F.Mask) (roundrect_rratio 0.25)
      (net 1 GND))
    (pad 2 smd roundrect (at 0.875 0) (size 1.05 0.95) (layers F.Cu F.Paste F.Mask) (roundrect_rratio 0.25)
      (net 22 /Tm1636Dio))
    (model ${KISYS3DMOD}/Capacitor_SMD.3dshapes/C_0603_1608Metric.wrl
      (at (xyz 0 0 0))
      (scale (xyz 1 1 1))
      (rotate (xyz 0 0 0))
    )
  )

  (module Capacitor_SMD:C_0603_1608Metric_Pad1.05x0.95mm_HandSolder (layer F.Cu) (tedit 5B301BBE) (tstamp 62218A9B)
    (at 57 -42)
    (descr "Capacitor SMD 0603 (1608 Metric), square (rectangular) end terminal, IPC_7351 nominal with elongated pad for handsoldering. (Body size source: http://www.tortai-tech.com/upload/download/2011102023233369053.pdf), generated with kicad-footprint-generator")
    (tags "capacitor handsolder")
    (path /61E3D5B8)
    (attr smd)
    (fp_text reference C2 (at 0 -1.43) (layer F.SilkS)
      (effects (font (size 1 1) (thickness 0.15)))
    )
    (fp_text value 100pF (at 0 1.43) (layer F.Fab)
      (effects (font (size 1 1) (thickness 0.15)))
    )
    (fp_text user %R (at 0 0) (layer F.Fab)
      (effects (font (size 0.4 0.4) (thickness 0.06)))
    )
    (fp_line (start 1.65 0.73) (end -1.65 0.73) (layer F.CrtYd) (width 0.05))
    (fp_line (start 1.65 -0.73) (end 1.65 0.73) (layer F.CrtYd) (width 0.05))
    (fp_line (start -1.65 -0.73) (end 1.65 -0.73) (layer F.CrtYd) (width 0.05))
    (fp_line (start -1.65 0.73) (end -1.65 -0.73) (layer F.CrtYd) (width 0.05))
    (fp_line (start -0.171267 0.51) (end 0.171267 0.51) (layer F.SilkS) (width 0.12))
    (fp_line (start -0.171267 -0.51) (end 0.171267 -0.51) (layer F.SilkS) (width 0.12))
    (fp_line (start 0.8 0.4) (end -0.8 0.4) (layer F.Fab) (width 0.1))
    (fp_line (start 0.8 -0.4) (end 0.8 0.4) (layer F.Fab) (width 0.1))
    (fp_line (start -0.8 -0.4) (end 0.8 -0.4) (layer F.Fab) (width 0.1))
    (fp_line (start -0.8 0.4) (end -0.8 -0.4) (layer F.Fab) (width 0.1))
    (pad 2 smd roundrect (at 0.875 0) (size 1.05 0.95) (layers F.Cu F.Paste F.Mask) (roundrect_rratio 0.25)
      (net 23 /Tm1636Clk))
    (pad 1 smd roundrect (at -0.875 0) (size 1.05 0.95) (layers F.Cu F.Paste F.Mask) (roundrect_rratio 0.25)
      (net 1 GND))
    (model ${KISYS3DMOD}/Capacitor_SMD.3dshapes/C_0603_1608Metric.wrl
      (at (xyz 0 0 0))
      (scale (xyz 1 1 1))
      (rotate (xyz 0 0 0))
    )
  )

  (module Capacitor_SMD:C_0603_1608Metric_Pad1.05x0.95mm_HandSolder (layer F.Cu) (tedit 5B301BBE) (tstamp 62218AAC)
    (at 57 -31)
    (descr "Capacitor SMD 0603 (1608 Metric), square (rectangular) end terminal, IPC_7351 nominal with elongated pad for handsoldering. (Body size source: http://www.tortai-tech.com/upload/download/2011102023233369053.pdf), generated with kicad-footprint-generator")
    (tags "capacitor handsolder")
    (path /61E5B1D0)
    (attr smd)
    (fp_text reference C3 (at 0 -1.43) (layer F.SilkS)
      (effects (font (size 1 1) (thickness 0.15)))
    )
    (fp_text value 100nF (at 0 1.43) (layer F.Fab)
      (effects (font (size 1 1) (thickness 0.15)))
    )
    (fp_line (start -0.8 0.4) (end -0.8 -0.4) (layer F.Fab) (width 0.1))
    (fp_line (start -0.8 -0.4) (end 0.8 -0.4) (layer F.Fab) (width 0.1))
    (fp_line (start 0.8 -0.4) (end 0.8 0.4) (layer F.Fab) (width 0.1))
    (fp_line (start 0.8 0.4) (end -0.8 0.4) (layer F.Fab) (width 0.1))
    (fp_line (start -0.171267 -0.51) (end 0.171267 -0.51) (layer F.SilkS) (width 0.12))
    (fp_line (start -0.171267 0.51) (end 0.171267 0.51) (layer F.SilkS) (width 0.12))
    (fp_line (start -1.65 0.73) (end -1.65 -0.73) (layer F.CrtYd) (width 0.05))
    (fp_line (start -1.65 -0.73) (end 1.65 -0.73) (layer F.CrtYd) (width 0.05))
    (fp_line (start 1.65 -0.73) (end 1.65 0.73) (layer F.CrtYd) (width 0.05))
    (fp_line (start 1.65 0.73) (end -1.65 0.73) (layer F.CrtYd) (width 0.05))
    (fp_text user %R (at 0 0) (layer F.Fab)
      (effects (font (size 0.4 0.4) (thickness 0.06)))
    )
    (pad 1 smd roundrect (at -0.875 0) (size 1.05 0.95) (layers F.Cu F.Paste F.Mask) (roundrect_rratio 0.25)
      (net 1 GND))
    (pad 2 smd roundrect (at 0.875 0) (size 1.05 0.95) (layers F.Cu F.Paste F.Mask) (roundrect_rratio 0.25)
      (net 2 +5V))
    (model ${KISYS3DMOD}/Capacitor_SMD.3dshapes/C_0603_1608Metric.wrl
      (at (xyz 0 0 0))
      (scale (xyz 1 1 1))
      (rotate (xyz 0 0 0))
    )
  )

  (module Capacitor_SMD:C_0603_1608Metric_Pad1.05x0.95mm_HandSolder (layer F.Cu) (tedit 5B301BBE) (tstamp 62218ABD)
    (at 70 -34)
    (descr "Capacitor SMD 0603 (1608 Metric), square (rectangular) end terminal, IPC_7351 nominal with elongated pad for handsoldering. (Body size source: http://www.tortai-tech.com/upload/download/2011102023233369053.pdf), generated with kicad-footprint-generator")
    (tags "capacitor handsolder")
    (path /61E5B72C)
    (attr smd)
    (fp_text reference C4 (at 0 -1.43) (layer F.SilkS)
      (effects (font (size 1 1) (thickness 0.15)))
    )
    (fp_text value 2uF (at 0 1.43) (layer F.Fab)
      (effects (font (size 1 1) (thickness 0.15)))
    )
    (fp_text user %R (at 0 0) (layer F.Fab)
      (effects (font (size 0.4 0.4) (thickness 0.06)))
    )
    (fp_line (start 1.65 0.73) (end -1.65 0.73) (layer F.CrtYd) (width 0.05))
    (fp_line (start 1.65 -0.73) (end 1.65 0.73) (layer F.CrtYd) (width 0.05))
    (fp_line (start -1.65 -0.73) (end 1.65 -0.73) (layer F.CrtYd) (width 0.05))
    (fp_line (start -1.65 0.73) (end -1.65 -0.73) (layer F.CrtYd) (width 0.05))
    (fp_line (start -0.171267 0.51) (end 0.171267 0.51) (layer F.SilkS) (width 0.12))
    (fp_line (start -0.171267 -0.51) (end 0.171267 -0.51) (layer F.SilkS) (width 0.12))
    (fp_line (start 0.8 0.4) (end -0.8 0.4) (layer F.Fab) (width 0.1))
    (fp_line (start 0.8 -0.4) (end 0.8 0.4) (layer F.Fab) (width 0.1))
    (fp_line (start -0.8 -0.4) (end 0.8 -0.4) (layer F.Fab) (width 0.1))
    (fp_line (start -0.8 0.4) (end -0.8 -0.4) (layer F.Fab) (width 0.1))
    (pad 2 smd roundrect (at 0.875 0) (size 1.05 0.95) (layers F.Cu F.Paste F.Mask) (roundrect_rratio 0.25)
      (net 2 +5V))
    (pad 1 smd roundrect (at -0.875 0) (size 1.05 0.95) (layers F.Cu F.Paste F.Mask) (roundrect_rratio 0.25)
      (net 1 GND))
    (model ${KISYS3DMOD}/Capacitor_SMD.3dshapes/C_0603_1608Metric.wrl
      (at (xyz 0 0 0))
      (scale (xyz 1 1 1))
      (rotate (xyz 0 0 0))
    )
  )

  (module amper:VT1H100M-CRD54 (layer F.Cu) (tedit 62212403) (tstamp 62218ACD)
    (at 77 -30)
    (path /624386B4)
    (fp_text reference C5 (at 5.5 2.5) (layer F.SilkS)
      (effects (font (size 1 1) (thickness 0.15)))
    )
    (fp_text value 10uF (at 0 -5.5) (layer F.Fab)
      (effects (font (size 1 1) (thickness 0.15)))
    )
    (fp_line (start -3 -3) (end 3 -3) (layer F.CrtYd) (width 0.12))
    (fp_line (start 3 -3) (end 3 3) (layer F.CrtYd) (width 0.12))
    (fp_line (start 3 3) (end -3 3) (layer F.CrtYd) (width 0.12))
    (fp_line (start -3 3) (end -3 -3) (layer F.CrtYd) (width 0.12))
    (fp_line (start 2 -4) (end 3 -3) (layer F.SilkS) (width 0.12))
    (fp_line (start 3 -3) (end 3 3) (layer F.SilkS) (width 0.12))
    (fp_line (start 3 3) (end -3 3) (layer F.SilkS) (width 0.12))
    (fp_line (start -3 3) (end -3 -3) (layer F.SilkS) (width 0.12))
    (fp_line (start -3 -3) (end -2 -4) (layer F.SilkS) (width 0.12))
    (fp_line (start -2 -4) (end 2 -4) (layer F.SilkS) (width 0.12))
    (pad 1 smd rect (at 0 -1.75) (size 0.8 2.2) (layers F.Cu F.Paste F.Mask)
      (net 2 +5V))
    (pad 2 smd rect (at 0 1.75) (size 0.8 2.2) (layers F.Cu F.Paste F.Mask)
      (net 1 GND))
  )

  (module Capacitor_SMD:C_0603_1608Metric_Pad1.05x0.95mm_HandSolder (layer F.Cu) (tedit 5B301BBE) (tstamp 62218ADE)
    (at -29.7 4.905 270)
    (descr "Capacitor SMD 0603 (1608 Metric), square (rectangular) end terminal, IPC_7351 nominal with elongated pad for handsoldering. (Body size source: http://www.tortai-tech.com/upload/download/2011102023233369053.pdf), generated with kicad-footprint-generator")
    (tags "capacitor handsolder")
    (path /621F0C25)
    (attr smd)
    (fp_text reference C6 (at 1.795 0 90) (layer F.SilkS)
      (effects (font (size 1 1) (thickness 0.15)) (justify right))
    )
    (fp_text value 1u (at 0 1.43 90) (layer F.Fab)
      (effects (font (size 1 1) (thickness 0.15)))
    )
    (fp_text user %R (at 0 0 90) (layer F.Fab)
      (effects (font (size 0.4 0.4) (thickness 0.06)))
    )
    (fp_line (start 1.65 0.73) (end -1.65 0.73) (layer F.CrtYd) (width 0.05))
    (fp_line (start 1.65 -0.73) (end 1.65 0.73) (layer F.CrtYd) (width 0.05))
    (fp_line (start -1.65 -0.73) (end 1.65 -0.73) (layer F.CrtYd) (width 0.05))
    (fp_line (start -1.65 0.73) (end -1.65 -0.73) (layer F.CrtYd) (width 0.05))
    (fp_line (start -0.171267 0.51) (end 0.171267 0.51) (layer F.SilkS) (width 0.12))
    (fp_line (start -0.171267 -0.51) (end 0.171267 -0.51) (layer F.SilkS) (width 0.12))
    (fp_line (start 0.8 0.4) (end -0.8 0.4) (layer F.Fab) (width 0.1))
    (fp_line (start 0.8 -0.4) (end 0.8 0.4) (layer F.Fab) (width 0.1))
    (fp_line (start -0.8 -0.4) (end 0.8 -0.4) (layer F.Fab) (width 0.1))
    (fp_line (start -0.8 0.4) (end -0.8 -0.4) (layer F.Fab) (width 0.1))
    (pad 2 smd roundrect (at 0.875 0 270) (size 1.05 0.95) (layers F.Cu F.Paste F.Mask) (roundrect_rratio 0.25)
      (net 1 GND))
    (pad 1 smd roundrect (at -0.875 0 270) (size 1.05 0.95) (layers F.Cu F.Paste F.Mask) (roundrect_rratio 0.25)
      (net 21 "Net-(C6-Pad1)"))
    (model ${KISYS3DMOD}/Capacitor_SMD.3dshapes/C_0603_1608Metric.wrl
      (at (xyz 0 0 0))
      (scale (xyz 1 1 1))
      (rotate (xyz 0 0 0))
    )
  )

  (module Capacitor_SMD:C_0603_1608Metric_Pad1.05x0.95mm_HandSolder (layer F.Cu) (tedit 5B301BBE) (tstamp 62218AEF)
    (at 66.675001 38.595001)
    (descr "Capacitor SMD 0603 (1608 Metric), square (rectangular) end terminal, IPC_7351 nominal with elongated pad for handsoldering. (Body size source: http://www.tortai-tech.com/upload/download/2011102023233369053.pdf), generated with kicad-footprint-generator")
    (tags "capacitor handsolder")
    (path /61EFA684)
    (attr smd)
    (fp_text reference C7 (at 0 -1.43) (layer F.SilkS)
      (effects (font (size 1 1) (thickness 0.15)))
    )
    (fp_text value 1u (at 0 1.43) (layer F.Fab)
      (effects (font (size 1 1) (thickness 0.15)))
    )
    (fp_text user %R (at 0 0) (layer F.Fab)
      (effects (font (size 0.4 0.4) (thickness 0.06)))
    )
    (fp_line (start 1.65 0.73) (end -1.65 0.73) (layer F.CrtYd) (width 0.05))
    (fp_line (start 1.65 -0.73) (end 1.65 0.73) (layer F.CrtYd) (width 0.05))
    (fp_line (start -1.65 -0.73) (end 1.65 -0.73) (layer F.CrtYd) (width 0.05))
    (fp_line (start -1.65 0.73) (end -1.65 -0.73) (layer F.CrtYd) (width 0.05))
    (fp_line (start -0.171267 0.51) (end 0.171267 0.51) (layer F.SilkS) (width 0.12))
    (fp_line (start -0.171267 -0.51) (end 0.171267 -0.51) (layer F.SilkS) (width 0.12))
    (fp_line (start 0.8 0.4) (end -0.8 0.4) (layer F.Fab) (width 0.1))
    (fp_line (start 0.8 -0.4) (end 0.8 0.4) (layer F.Fab) (width 0.1))
    (fp_line (start -0.8 -0.4) (end 0.8 -0.4) (layer F.Fab) (width 0.1))
    (fp_line (start -0.8 0.4) (end -0.8 -0.4) (layer F.Fab) (width 0.1))
    (pad 2 smd roundrect (at 0.875 0) (size 1.05 0.95) (layers F.Cu F.Paste F.Mask) (roundrect_rratio 0.25)
      (net 1 GND))
    (pad 1 smd roundrect (at -0.875 0) (size 1.05 0.95) (layers F.Cu F.Paste F.Mask) (roundrect_rratio 0.25)
      (net 41 "Net-(C7-Pad1)"))
    (model ${KISYS3DMOD}/Capacitor_SMD.3dshapes/C_0603_1608Metric.wrl
      (at (xyz 0 0 0))
      (scale (xyz 1 1 1))
      (rotate (xyz 0 0 0))
    )
  )

  (module Capacitor_SMD:C_0603_1608Metric_Pad1.05x0.95mm_HandSolder (layer F.Cu) (tedit 5B301BBE) (tstamp 62218B00)
    (at -18.525 4.905 270)
    (descr "Capacitor SMD 0603 (1608 Metric), square (rectangular) end terminal, IPC_7351 nominal with elongated pad for handsoldering. (Body size source: http://www.tortai-tech.com/upload/download/2011102023233369053.pdf), generated with kicad-footprint-generator")
    (tags "capacitor handsolder")
    (path /621F0C34)
    (attr smd)
    (fp_text reference C8 (at 0 -1.43 90) (layer F.SilkS)
      (effects (font (size 1 1) (thickness 0.15)))
    )
    (fp_text value 1u (at 0 1.43 90) (layer F.Fab)
      (effects (font (size 1 1) (thickness 0.15)))
    )
    (fp_line (start -0.8 0.4) (end -0.8 -0.4) (layer F.Fab) (width 0.1))
    (fp_line (start -0.8 -0.4) (end 0.8 -0.4) (layer F.Fab) (width 0.1))
    (fp_line (start 0.8 -0.4) (end 0.8 0.4) (layer F.Fab) (width 0.1))
    (fp_line (start 0.8 0.4) (end -0.8 0.4) (layer F.Fab) (width 0.1))
    (fp_line (start -0.171267 -0.51) (end 0.171267 -0.51) (layer F.SilkS) (width 0.12))
    (fp_line (start -0.171267 0.51) (end 0.171267 0.51) (layer F.SilkS) (width 0.12))
    (fp_line (start -1.65 0.73) (end -1.65 -0.73) (layer F.CrtYd) (width 0.05))
    (fp_line (start -1.65 -0.73) (end 1.65 -0.73) (layer F.CrtYd) (width 0.05))
    (fp_line (start 1.65 -0.73) (end 1.65 0.73) (layer F.CrtYd) (width 0.05))
    (fp_line (start 1.65 0.73) (end -1.65 0.73) (layer F.CrtYd) (width 0.05))
    (fp_text user %R (at 0 0 90) (layer F.Fab)
      (effects (font (size 0.4 0.4) (thickness 0.06)))
    )
    (pad 1 smd roundrect (at -0.875 0 270) (size 1.05 0.95) (layers F.Cu F.Paste F.Mask) (roundrect_rratio 0.25)
      (net 24 /SourceAOut))
    (pad 2 smd roundrect (at 0.875 0 270) (size 1.05 0.95) (layers F.Cu F.Paste F.Mask) (roundrect_rratio 0.25)
      (net 1 GND))
    (model ${KISYS3DMOD}/Capacitor_SMD.3dshapes/C_0603_1608Metric.wrl
      (at (xyz 0 0 0))
      (scale (xyz 1 1 1))
      (rotate (xyz 0 0 0))
    )
  )

  (module Capacitor_SMD:C_0603_1608Metric_Pad1.05x0.95mm_HandSolder (layer F.Cu) (tedit 5B301BBE) (tstamp 62218B11)
    (at 71.025001 38.595001)
    (descr "Capacitor SMD 0603 (1608 Metric), square (rectangular) end terminal, IPC_7351 nominal with elongated pad for handsoldering. (Body size source: http://www.tortai-tech.com/upload/download/2011102023233369053.pdf), generated with kicad-footprint-generator")
    (tags "capacitor handsolder")
    (path /61EFA693)
    (attr smd)
    (fp_text reference C9 (at 0 -1.43) (layer F.SilkS)
      (effects (font (size 1 1) (thickness 0.15)))
    )
    (fp_text value 1u (at 0 1.43) (layer F.Fab)
      (effects (font (size 1 1) (thickness 0.15)))
    )
    (fp_line (start -0.8 0.4) (end -0.8 -0.4) (layer F.Fab) (width 0.1))
    (fp_line (start -0.8 -0.4) (end 0.8 -0.4) (layer F.Fab) (width 0.1))
    (fp_line (start 0.8 -0.4) (end 0.8 0.4) (layer F.Fab) (width 0.1))
    (fp_line (start 0.8 0.4) (end -0.8 0.4) (layer F.Fab) (width 0.1))
    (fp_line (start -0.171267 -0.51) (end 0.171267 -0.51) (layer F.SilkS) (width 0.12))
    (fp_line (start -0.171267 0.51) (end 0.171267 0.51) (layer F.SilkS) (width 0.12))
    (fp_line (start -1.65 0.73) (end -1.65 -0.73) (layer F.CrtYd) (width 0.05))
    (fp_line (start -1.65 -0.73) (end 1.65 -0.73) (layer F.CrtYd) (width 0.05))
    (fp_line (start 1.65 -0.73) (end 1.65 0.73) (layer F.CrtYd) (width 0.05))
    (fp_line (start 1.65 0.73) (end -1.65 0.73) (layer F.CrtYd) (width 0.05))
    (fp_text user %R (at 0 0) (layer F.Fab)
      (effects (font (size 0.4 0.4) (thickness 0.06)))
    )
    (pad 1 smd roundrect (at -0.875 0) (size 1.05 0.95) (layers F.Cu F.Paste F.Mask) (roundrect_rratio 0.25)
      (net 25 /SourceBOut))
    (pad 2 smd roundrect (at 0.875 0) (size 1.05 0.95) (layers F.Cu F.Paste F.Mask) (roundrect_rratio 0.25)
      (net 1 GND))
    (model ${KISYS3DMOD}/Capacitor_SMD.3dshapes/C_0603_1608Metric.wrl
      (at (xyz 0 0 0))
      (scale (xyz 1 1 1))
      (rotate (xyz 0 0 0))
    )
  )

  (module amper:VT1H100M-CRD54 (layer F.Cu) (tedit 62212403) (tstamp 62218B21)
    (at -25.525 7.905)
    (path /621C95BD)
    (fp_text reference C10 (at 3.825 -0.005 90) (layer F.SilkS)
      (effects (font (size 1 1) (thickness 0.15)))
    )
    (fp_text value 10uF (at 0 -5.5) (layer F.Fab)
      (effects (font (size 1 1) (thickness 0.15)))
    )
    (fp_line (start -2 -4) (end 2 -4) (layer F.SilkS) (width 0.12))
    (fp_line (start -3 -3) (end -2 -4) (layer F.SilkS) (width 0.12))
    (fp_line (start -3 3) (end -3 -3) (layer F.SilkS) (width 0.12))
    (fp_line (start 3 3) (end -3 3) (layer F.SilkS) (width 0.12))
    (fp_line (start 3 -3) (end 3 3) (layer F.SilkS) (width 0.12))
    (fp_line (start 2 -4) (end 3 -3) (layer F.SilkS) (width 0.12))
    (fp_line (start -3 3) (end -3 -3) (layer F.CrtYd) (width 0.12))
    (fp_line (start 3 3) (end -3 3) (layer F.CrtYd) (width 0.12))
    (fp_line (start 3 -3) (end 3 3) (layer F.CrtYd) (width 0.12))
    (fp_line (start -3 -3) (end 3 -3) (layer F.CrtYd) (width 0.12))
    (pad 2 smd rect (at 0 1.75) (size 0.8 2.2) (layers F.Cu F.Paste F.Mask)
      (net 1 GND))
    (pad 1 smd rect (at 0 -1.75) (size 0.8 2.2) (layers F.Cu F.Paste F.Mask)
      (net 24 /SourceAOut))
  )

  (module amper:VT1H100M-CRD54 (layer F.Cu) (tedit 62212403) (tstamp 62218B31)
    (at 145.240001 7.340001)
    (path /62175534)
    (fp_text reference C11 (at 5.5 2.5) (layer F.SilkS)
      (effects (font (size 1 1) (thickness 0.15)))
    )
    (fp_text value 10uF (at 0 -5.5) (layer F.Fab)
      (effects (font (size 1 1) (thickness 0.15)))
    )
    (fp_line (start -3 -3) (end 3 -3) (layer F.CrtYd) (width 0.12))
    (fp_line (start 3 -3) (end 3 3) (layer F.CrtYd) (width 0.12))
    (fp_line (start 3 3) (end -3 3) (layer F.CrtYd) (width 0.12))
    (fp_line (start -3 3) (end -3 -3) (layer F.CrtYd) (width 0.12))
    (fp_line (start 2 -4) (end 3 -3) (layer F.SilkS) (width 0.12))
    (fp_line (start 3 -3) (end 3 3) (layer F.SilkS) (width 0.12))
    (fp_line (start 3 3) (end -3 3) (layer F.SilkS) (width 0.12))
    (fp_line (start -3 3) (end -3 -3) (layer F.SilkS) (width 0.12))
    (fp_line (start -3 -3) (end -2 -4) (layer F.SilkS) (width 0.12))
    (fp_line (start -2 -4) (end 2 -4) (layer F.SilkS) (width 0.12))
    (pad 1 smd rect (at 0 -1.75) (size 0.8 2.2) (layers F.Cu F.Paste F.Mask)
      (net 25 /SourceBOut))
    (pad 2 smd rect (at 0 1.75) (size 0.8 2.2) (layers F.Cu F.Paste F.Mask)
      (net 1 GND))
  )

  (module amper:2.54_2x5_alternate (layer F.Cu) (tedit 6221534B) (tstamp 62218B43)
    (at 0 33)
    (path /62C0A189)
    (attr smd)
    (fp_text reference J1 (at -6.98 0 90) (layer F.SilkS)
      (effects (font (size 1 1) (thickness 0.15)))
    )
    (fp_text value Conn_02x05_Odd_Even (at 0 5.7) (layer F.Fab) hide
      (effects (font (size 1 1) (thickness 0.15)))
    )
    (fp_line (start -5.73 -4.25) (end 5.73 -4.25) (layer F.CrtYd) (width 0.05))
